Length of the list   = 404
9893 7570 
9892 7682 
9891 7715 
9889 7722 
9888 7751 
9887 7798 
9886 7854 
9881 7890 
9880 7922 
9879 7993 
9869 7995 
9868 8027 
9864 8070 
9861 8072 
9857 8085 
9854 8090 
9853 8100 
9852 8109 
9851 8137 
9843 8145 
9841 8157 
9840 8167 
9838 8178 
9837 8184 
9836 8206 
9831 8219 
9828 8222 
9827 8230 
9825 8236 
9823 8255 
9819 8260 
9816 8270 
9813 8290 
9812 8296 
9809 8324 
9804 8329 
9802 8331 
9801 8344 
9800 8348 
9799 8358 
9794 8364 
9791 8374 
9789 8387 
9788 8390 
9787 8394 
9784 8400 
9783 8418 
9777 8430 
9775 8431 
9774 8442 
9769 8444 
9768 8453 
9766 8483 
9756 8496 
9754 8526 
9745 8552 
9736 8566 
9735 8578 
9733 8586 
9732 8593 
9727 8595 
9725 8603 
9722 8606 
9719 8612 
9717 8620 
9712 8628 
9711 8629 
9708 8649 
9703 8651 
9702 8658 
9698 8662 
9695 8679 
9692 8691 
9685 8698 
9681 8707 
9679 8733 
9670 8743 
9669 8746 
9660 8760 
9659 8769 
9653 8775 
9648 8791 
9645 8792 
9640 8797 
9638 8800 
9637 8802 
9633 8810 
9632 8820 
9631 8822 
9627 8832 
9622 8833 
9619 8834 
9618 8843 
9617 8845 
9614 8856 
9611 8860 
9607 8874 
9601 8883 
9598 8885 
9597 8887 
9596 8888 
9592 8889 
9590 8895 
9588 8899 
9587 8900 
9586 8901 
9585 8912 
9584 8914 
9581 8916 
9580 8918 
9578 8921 
9576 8932 
9574 8936 
9569 8937 
9567 8943 
9560 8955 
9550 8974 
9546 8984 
9536 8997 
9528 8999 
9520 9017 
9512 9037 
9499 9041 
9498 9042 
9496 9053 
9489 9055 
9485 9058 
9483 9060 
9482 9064 
9480 9066 
9478 9074 
9473 9084 
9466 9088 
9462 9090 
9460 9091 
9459 9094 
9458 9098 
9456 9106 
9451 9111 
9445 9118 
9439 9130 
9433 9134 
9428 9142 
9422 9146 
9420 9147 
9419 9148 
9417 9153 
9416 9157 
9412 9160 
9410 9162 
9407 9166 
9405 9171 
9402 9176 
9397 9182 
9393 9190 
9386 9191 
9385 9195 
9382 9197 
9378 9202 
9375 9205 
9374 9206 
9373 9213 
9372 9220 
9365 9228 
9357 9230 
9355 9237 
9351 9241 
9348 9246 
9346 9247 
9340 9251 
9337 9258 
9335 9259 
9330 9276 
9322 9281 
9314 9286 
9311 9292 
9302 9294 
9299 9299 
9292 9300 
9291 9309 
9288 9314 
9285 9315 
9281 9322 
9269 9324 
9266 9328 
9264 9332 
9260 9338 
9257 9344 
9250 9351 
9248 9360 
9239 9365 
9233 9371 
9229 9372 
9227 9374 
9224 9383 
9217 9387 
9213 9388 
9212 9389 
9210 9390 
9208 9397 
9201 9407 
9198 9410 
9194 9413 
9185 9424 
9175 9430 
9169 9433 
9167 9437 
9165 9440 
9164 9445 
9158 9447 
9154 9454 
9148 9462 
9141 9463 
9138 9475 
9125 9477 
9124 9482 
9117 9488 
9116 9496 
9102 9497 
9099 9507 
9093 9508 
9092 9510 
9088 9511 
9087 9519 
9082 9521 
9080 9523 
9076 9524 
9070 9530 
9064 9540 
9058 9543 
9053 9544 
9045 9551 
9041 9555 
9036 9557 
9033 9560 
9030 9564 
9026 9565 
9014 9569 
9012 9573 
9011 9574 
9009 9576 
9007 9577 
9003 9581 
9000 9585 
8994 9592 
8983 9596 
8980 9597 
8978 9600 
8975 9604 
8972 9607 
8965 9615 
8950 9623 
8941 9630 
8934 9632 
8933 9633 
8927 9636 
8926 9637 
8925 9647 
8916 9648 
8907 9655 
8906 9663 
8892 9667 
8888 9670 
8885 9672 
8878 9678 
8875 9680 
8870 9685 
8858 9693 
8849 9695 
8842 9696 
8841 9697 
8840 9699 
8839 9702 
8832 9706 
8827 9710 
8824 9711 
8818 9712 
8811 9716 
8807 9727 
8787 9729 
8784 9731 
8781 9732 
8780 9735 
8776 9738 
8769 9748 
8762 9752 
8749 9755 
8742 9756 
8733 9759 
8730 9760 
8727 9763 
8719 9775 
8705 9776 
8696 9779 
8689 9784 
8682 9791 
8681 9796 
8658 9800 
8650 9802 
8649 9808 
8634 9811 
8617 9813 
8615 9816 
8602 9820 
8597 9821 
8594 9824 
8592 9827 
8590 9828 
8583 9834 
8582 9835 
8577 9836 
8574 9837 
8569 9842 
8566 9847 
8554 9848 
8546 9851 
8540 9861 
8522 9865 
8521 9876 
8501 9883 
8490 9884 
8477 9885 
8467 9888 
8460 9897 
8443 9898 
8426 9902 
8424 9904 
8422 9906 
8412 9907 
8405 9914 
8394 9915 
8393 9917 
8388 9918 
8387 9919 
8375 9926 
8362 9928 
8349 9929 
8344 9934 
8336 9941 
8321 9943 
8306 9950 
8292 9953 
8284 9956 
8275 9957 
8259 9962 
8250 9966 
8217 9967 
8216 9969 
8211 9970 
8210 9973 
8196 9974 
8194 9976 
8193 9977 
8186 9980 
8175 9981 
8170 9986 
8157 9989 
8153 9990 
8137 9991 
8133 9992 
8132 9997 
8101 10002 
8097 10003 
8080 10004 
8077 10008 
8056 10010 
8055 10012 
8036 10016 
8022 10017 
8021 10019 
8012 10022 
7997 10025 
7985 10026 
7978 10029 
7949 10031 
7947 10032 
7935 10033 
7927 10034 
7926 10040 
7915 10041 
7906 10044 
7885 10045 
7871 10049 
7869 10050 
7857 10054 
7832 10055 
7814 10058 
7797 10059 
7792 10066 
7764 10068 
7727 10073 
7691 10075 
7664 10077 
7632 10081 
7614 10082 
7599 10084 
7595 10086 
7568 10088 
7558 10090 
7554 10093 
7494 10094 
7437 10095 
7428 10102 
7283 10103 
Length of the list   = 425
9893 7570 
9891 7707 
9889 7713 
9888 7750 
9887 7803 
9886 7854 
9883 7896 
9880 7922 
9879 7993 
9873 8002 
9869 8024 
9868 8027 
9866 8034 
9865 8064 
9864 8070 
9861 8072 
9857 8090 
9855 8111 
9851 8137 
9844 8156 
9841 8157 
9840 8167 
9838 8181 
9836 8206 
9833 8207 
9831 8219 
9828 8222 
9827 8224 
9826 8229 
9825 8236 
9824 8253 
9821 8263 
9817 8274 
9815 8275 
9814 8278 
9813 8290 
9810 8294 
9809 8324 
9805 8329 
9801 8344 
9800 8345 
9796 8355 
9794 8361 
9790 8374 
9789 8387 
9787 8394 
9785 8397 
9784 8400 
9783 8418 
9777 8430 
9775 8445 
9768 8459 
9766 8483 
9762 8486 
9759 8491 
9756 8496 
9755 8504 
9754 8525 
9745 8552 
9735 8571 
9733 8586 
9732 8593 
9727 8595 
9725 8603 
9722 8606 
9719 8612 
9717 8620 
9713 8622 
9712 8628 
9708 8649 
9703 8651 
9702 8658 
9698 8662 
9695 8668 
9693 8669 
9692 8691 
9685 8698 
9683 8702 
9681 8704 
9679 8733 
9670 8743 
9669 8746 
9668 8747 
9660 8756 
9659 8769 
9655 8772 
9653 8775 
9650 8789 
9648 8791 
9645 8792 
9640 8793 
9639 8798 
9638 8800 
9633 8815 
9632 8820 
9631 8822 
9624 8829 
9621 8831 
9619 8834 
9615 8840 
9614 8856 
9607 8874 
9601 8883 
9598 8885 
9597 8887 
9596 8888 
9591 8892 
9588 8899 
9587 8901 
9585 8912 
9584 8914 
9578 8921 
9576 8932 
9567 8943 
9557 8948 
9551 8949 
9550 8974 
9546 8984 
9536 8997 
9526 9006 
9524 9010 
9523 9011 
9520 9017 
9510 9030 
9501 9031 
9500 9048 
9496 9053 
9489 9055 
9487 9059 
9483 9061 
9480 9066 
9474 9074 
9473 9084 
9465 9086 
9464 9087 
9462 9090 
9460 9092 
9458 9098 
9456 9106 
9450 9113 
9448 9116 
9443 9117 
9436 9120 
9435 9130 
9434 9137 
9425 9142 
9422 9146 
9420 9148 
9416 9153 
9415 9155 
9414 9156 
9411 9171 
9403 9176 
9396 9178 
9393 9190 
9386 9191 
9382 9192 
9381 9196 
9380 9199 
9377 9202 
9374 9208 
9370 9212 
9366 9217 
9363 9218 
9362 9219 
9359 9221 
9356 9226 
9354 9227 
9353 9235 
9347 9236 
9346 9247 
9340 9251 
9337 9258 
9330 9276 
9315 9277 
9314 9286 
9307 9292 
9303 9293 
9301 9295 
9300 9297 
9299 9299 
9298 9303 
9296 9305 
9291 9308 
9289 9319 
9280 9323 
9271 9338 
9266 9341 
9262 9344 
9255 9356 
9242 9357 
9240 9361 
9237 9364 
9235 9366 
9232 9370 
9231 9374 
9229 9386 
9222 9388 
9217 9389 
9212 9391 
9206 9392 
9203 9406 
9198 9409 
9192 9410 
9188 9411 
9187 9416 
9184 9430 
9177 9432 
9169 9437 
9165 9440 
9162 9448 
9154 9454 
9151 9456 
9146 9460 
9142 9463 
9140 9477 
9122 9478 
9120 9479 
9118 9481 
9117 9488 
9116 9496 
9111 9500 
9099 9507 
9093 9508 
9088 9511 
9087 9519 
9082 9521 
9073 9522 
9071 9524 
9070 9530 
9066 9532 
9064 9540 
9057 9541 
9053 9544 
9050 9545 
9045 9546 
9040 9553 
9036 9556 
9029 9564 
9025 9567 
9022 9568 
9012 9569 
9011 9574 
9009 9576 
9007 9580 
9005 9586 
8997 9588 
8991 9589 
8986 9594 
8983 9596 
8982 9597 
8976 9600 
8974 9603 
8973 9608 
8967 9609 
8961 9610 
8960 9611 
8957 9617 
8947 9622 
8945 9623 
8937 9625 
8935 9631 
8933 9633 
8927 9642 
8925 9647 
8911 9652 
8907 9655 
8902 9661 
8898 9665 
8887 9668 
8880 9669 
8878 9678 
8868 9680 
8864 9682 
8862 9684 
8860 9686 
8849 9687 
8847 9695 
8840 9699 
8832 9703 
8824 9705 
8819 9709 
8816 9713 
8809 9716 
8801 9720 
8794 9724 
8781 9730 
8780 9733 
8778 9734 
8775 9735 
8772 9738 
8770 9741 
8769 9748 
8762 9752 
8741 9756 
8735 9762 
8724 9764 
8722 9766 
8721 9774 
8719 9775 
8714 9776 
8709 9777 
8704 9781 
8692 9787 
8688 9791 
8681 9796 
8670 9804 
8650 9805 
8649 9808 
8641 9812 
8638 9813 
8631 9814 
8629 9819 
8620 9820 
8617 9823 
8612 9824 
8605 9825 
8603 9832 
8590 9833 
8586 9834 
8584 9835 
8580 9836 
8579 9839 
8575 9842 
8570 9845 
8566 9847 
8555 9850 
8554 9854 
8546 9856 
8534 9858 
8532 9859 
8519 9866 
8502 9869 
8501 9875 
8489 9883 
8479 9887 
8465 9893 
8457 9895 
8453 9898 
8433 9903 
8424 9904 
8418 9906 
8411 9910 
8406 9919 
8384 9921 
8378 9922 
8375 9926 
8368 9927 
8363 9928 
8354 9929 
8352 9933 
8344 9934 
8343 9936 
8338 9937 
8336 9941 
8331 9943 
8309 9944 
8306 9950 
8292 9953 
8275 9957 
8266 9958 
8258 9959 
8251 9961 
8240 9963 
8234 9966 
8225 9967 
8216 9969 
8211 9970 
8201 9975 
8196 9976 
8193 9977 
8183 9978 
8180 9979 
8177 9980 
8171 9981 
8167 9984 
8161 9986 
8157 9989 
8153 9990 
8146 9992 
8140 9993 
8132 9997 
8108 9998 
8105 10000 
8101 10002 
8075 10008 
8062 10010 
8055 10012 
8053 10016 
8018 10018 
8012 10022 
8000 10024 
7997 10025 
7991 10026 
7980 10031 
7947 10032 
7935 10033 
7927 10034 
7926 10040 
7915 10041 
7906 10044 
7885 10045 
7871 10049 
7869 10050 
7858 10052 
7857 10054 
7818 10055 
7814 10058 
7797 10059 
7792 10066 
7764 10068 
7727 10073 
7691 10075 
7664 10077 
7640 10079 
7632 10081 
7619 10083 
7599 10084 
7595 10086 
7568 10088 
7554 10093 
7494 10094 
7437 10095 
7428 10102 
7283 10103 
Length of the list   = 402
9891 7707 
9888 7715 
9887 7798 
9886 7854 
9882 7869 
9881 7887 
9880 7922 
9879 7993 
9873 8002 
9869 8024 
9868 8027 
9866 8034 
9865 8064 
9864 8070 
9861 8084 
9857 8090 
9855 8107 
9851 8137 
9844 8156 
9842 8168 
9838 8178 
9836 8206 
9831 8219 
9828 8222 
9827 8230 
9825 8236 
9823 8251 
9821 8258 
9817 8274 
9813 8290 
9811 8294 
9809 8324 
9804 8329 
9803 8336 
9800 8348 
9793 8363 
9790 8367 
9789 8387 
9786 8390 
9784 8400 
9783 8407 
9781 8414 
9777 8430 
9775 8431 
9774 8442 
9767 8446 
9766 8483 
9759 8491 
9756 8496 
9754 8525 
9747 8526 
9745 8552 
9735 8565 
9733 8586 
9732 8593 
9727 8595 
9725 8603 
9722 8606 
9719 8612 
9716 8620 
9714 8621 
9713 8624 
9712 8631 
9710 8638 
9708 8649 
9703 8651 
9702 8652 
9698 8662 
9697 8679 
9692 8691 
9687 8692 
9686 8694 
9684 8699 
9683 8702 
9681 8704 
9679 8733 
9670 8743 
9669 8746 
9668 8747 
9662 8764 
9659 8769 
9651 8771 
9650 8773 
9648 8791 
9645 8792 
9640 8793 
9637 8802 
9633 8803 
9632 8820 
9631 8822 
9623 8826 
9620 8829 
9619 8834 
9618 8838 
9614 8856 
9607 8874 
9597 8887 
9592 8888 
9591 8892 
9590 8896 
9588 8899 
9587 8901 
9584 8907 
9583 8914 
9576 8932 
9565 8934 
9564 8938 
9560 8956 
9552 8963 
9551 8973 
9543 8975 
9542 8976 
9538 8978 
9537 8980 
9536 8997 
9528 8999 
9526 9005 
9522 9007 
9520 9017 
9515 9025 
9512 9037 
9505 9038 
9501 9039 
9498 9042 
9493 9045 
9491 9046 
9490 9049 
9487 9059 
9482 9072 
9475 9081 
9472 9093 
9465 9094 
9463 9103 
9453 9116 
9442 9124 
9439 9130 
9433 9134 
9429 9135 
9428 9142 
9423 9147 
9419 9148 
9416 9149 
9415 9155 
9414 9156 
9411 9160 
9409 9161 
9405 9171 
9402 9177 
9399 9178 
9397 9182 
9393 9190 
9389 9191 
9385 9195 
9382 9197 
9378 9201 
9377 9202 
9375 9206 
9374 9207 
9373 9208 
9371 9210 
9370 9213 
9365 9228 
9355 9237 
9351 9238 
9348 9246 
9346 9247 
9340 9251 
9337 9258 
9335 9259 
9331 9261 
9330 9276 
9322 9281 
9314 9286 
9311 9292 
9303 9297 
9299 9299 
9298 9303 
9292 9304 
9291 9308 
9289 9319 
9285 9320 
9280 9323 
9270 9327 
9268 9328 
9266 9341 
9262 9342 
9260 9343 
9258 9347 
9255 9356 
9248 9360 
9240 9361 
9239 9362 
9238 9374 
9232 9380 
9229 9386 
9222 9388 
9217 9389 
9213 9391 
9206 9392 
9202 9395 
9201 9403 
9199 9405 
9198 9410 
9194 9412 
9191 9414 
9185 9424 
9177 9429 
9175 9430 
9171 9431 
9169 9437 
9165 9440 
9164 9445 
9158 9453 
9154 9454 
9148 9462 
9140 9465 
9138 9475 
9129 9476 
9125 9477 
9124 9482 
9117 9488 
9116 9496 
9100 9502 
9099 9507 
9088 9511 
9087 9519 
9082 9521 
9081 9528 
9070 9530 
9064 9540 
9049 9542 
9048 9545 
9045 9546 
9040 9553 
9036 9557 
9029 9564 
9022 9568 
9012 9573 
9011 9574 
9009 9576 
9005 9577 
9004 9584 
8994 9592 
8986 9594 
8983 9596 
8982 9597 
8974 9604 
8966 9605 
8965 9615 
8957 9617 
8949 9618 
8943 9619 
8940 9625 
8935 9631 
8934 9632 
8933 9633 
8927 9636 
8919 9638 
8918 9640 
8917 9642 
8909 9646 
8907 9655 
8896 9659 
8888 9670 
8878 9678 
8860 9679 
8854 9684 
8851 9687 
8850 9691 
8849 9695 
8842 9696 
8840 9699 
8835 9700 
8831 9701 
8823 9702 
8822 9710 
8818 9712 
8811 9716 
8801 9719 
8796 9720 
8788 9722 
8784 9723 
8783 9725 
8782 9731 
8780 9733 
8771 9735 
8770 9736 
8765 9737 
8762 9752 
8747 9756 
8742 9760 
8724 9764 
8722 9766 
8721 9768 
8713 9774 
8709 9777 
8704 9781 
8692 9787 
8688 9791 
8680 9796 
8670 9804 
8650 9806 
8638 9813 
8629 9819 
8618 9825 
8603 9830 
8597 9831 
8596 9832 
8590 9833 
8588 9837 
8579 9839 
8569 9840 
8566 9847 
8556 9850 
8552 9852 
8549 9854 
8540 9861 
8522 9870 
8521 9876 
8489 9883 
8470 9884 
8468 9889 
8462 9891 
8460 9897 
8453 9898 
8433 9903 
8424 9904 
8421 9909 
8411 9910 
8406 9919 
8380 9922 
8375 9926 
8363 9928 
8348 9931 
8344 9934 
8336 9941 
8331 9943 
8306 9950 
8295 9955 
8285 9957 
8268 9958 
8267 9960 
8250 9966 
8238 9968 
8217 9974 
8207 9977 
8196 9978 
8186 9980 
8177 9981 
8164 9988 
8153 9990 
8146 9993 
8132 9997 
8109 9998 
8104 9999 
8097 10003 
8094 10004 
8081 10007 
8076 10010 
8062 10013 
8053 10016 
8041 10017 
8021 10019 
8016 10020 
8012 10022 
7997 10023 
7992 10024 
7991 10026 
7981 10027 
7980 10031 
7950 10032 
7933 10034 
7925 10037 
7915 10043 
7906 10044 
7885 10045 
7876 10047 
7871 10049 
7869 10050 
7858 10052 
7857 10054 
7832 10055 
7814 10058 
7797 10059 
7792 10066 
7764 10068 
7727 10073 
7691 10075 
7675 10076 
7664 10077 
7646 10079 
7632 10081 
7619 10083 
7599 10084 
7595 10086 
7568 10088 
7558 10090 
7554 10093 
7494 10094 
7437 10095 
7428 10102 
7283 10103 
Length of the list   = 398
9893 7570 
9892 7682 
9891 7715 
9888 7756 
9887 7798 
9886 7854 
9882 7869 
9881 7887 
9880 7922 
9879 7993 
9869 8024 
9868 8027 
9866 8034 
9865 8064 
9864 8070 
9861 8072 
9857 8090 
9855 8111 
9851 8137 
9845 8150 
9844 8156 
9842 8168 
9838 8181 
9836 8206 
9833 8207 
9831 8219 
9827 8234 
9825 8236 
9823 8251 
9821 8263 
9817 8274 
9815 8280 
9813 8290 
9812 8296 
9810 8298 
9809 8324 
9805 8329 
9804 8337 
9801 8344 
9800 8345 
9794 8351 
9793 8367 
9790 8374 
9789 8387 
9788 8390 
9785 8392 
9784 8400 
9783 8407 
9778 8413 
9777 8430 
9775 8445 
9768 8455 
9767 8457 
9766 8460 
9765 8461 
9764 8477 
9762 8486 
9756 8487 
9754 8525 
9745 8552 
9735 8565 
9733 8586 
9732 8593 
9725 8603 
9722 8606 
9719 8612 
9715 8616 
9713 8622 
9712 8628 
9708 8649 
9702 8658 
9698 8662 
9695 8668 
9692 8691 
9684 8698 
9681 8704 
9680 8705 
9679 8733 
9670 8743 
9669 8746 
9668 8747 
9662 8749 
9660 8756 
9659 8769 
9653 8775 
9650 8789 
9648 8791 
9645 8792 
9640 8797 
9639 8798 
9634 8799 
9632 8820 
9631 8822 
9627 8832 
9622 8833 
9621 8835 
9618 8843 
9617 8846 
9615 8856 
9609 8864 
9604 8874 
9600 8875 
9597 8877 
9596 8888 
9591 8892 
9589 8896 
9588 8899 
9587 8900 
9586 8901 
9581 8906 
9580 8918 
9575 8931 
9574 8936 
9565 8944 
9560 8945 
9557 8961 
9550 8965 
9549 8967 
9548 8970 
9547 8972 
9540 8978 
9531 8985 
9530 8987 
9527 8998 
9526 9006 
9524 9009 
9519 9019 
9512 9037 
9505 9038 
9500 9048 
9490 9049 
9489 9053 
9485 9057 
9480 9062 
9478 9068 
9476 9072 
9475 9081 
9472 9093 
9465 9094 
9458 9098 
9450 9113 
9443 9122 
9437 9126 
9433 9135 
9426 9141 
9424 9143 
9422 9146 
9417 9152 
9415 9154 
9414 9156 
9411 9160 
9406 9162 
9403 9173 
9397 9182 
9389 9190 
9384 9193 
9383 9194 
9381 9195 
9379 9196 
9378 9200 
9375 9201 
9374 9206 
9372 9220 
9370 9221 
9360 9229 
9351 9241 
9348 9246 
9340 9251 
9338 9252 
9333 9255 
9332 9256 
9330 9276 
9321 9279 
9313 9281 
9312 9286 
9311 9292 
9299 9293 
9298 9295 
9293 9296 
9292 9311 
9285 9320 
9281 9325 
9269 9335 
9266 9341 
9258 9342 
9253 9352 
9241 9367 
9238 9374 
9229 9386 
9216 9387 
9213 9388 
9212 9390 
9208 9397 
9205 9400 
9204 9403 
9201 9407 
9199 9408 
9198 9410 
9194 9415 
9188 9419 
9185 9424 
9180 9426 
9178 9428 
9177 9432 
9170 9434 
9168 9445 
9159 9449 
9151 9456 
9143 9462 
9142 9463 
9140 9477 
9124 9482 
9117 9488 
9116 9496 
9111 9500 
9099 9507 
9093 9508 
9090 9509 
9088 9511 
9086 9518 
9081 9528 
9070 9530 
9067 9533 
9059 9539 
9057 9541 
9050 9544 
9049 9552 
9036 9553 
9029 9554 
9027 9557 
9023 9558 
9021 9560 
9019 9562 
9018 9563 
9017 9565 
9015 9568 
9012 9573 
9009 9576 
9005 9577 
9004 9584 
8994 9592 
8986 9595 
8983 9596 
8971 9597 
8969 9601 
8966 9605 
8965 9615 
8948 9616 
8945 9617 
8943 9618 
8940 9635 
8928 9636 
8926 9637 
8919 9641 
8918 9649 
8911 9651 
8906 9663 
8887 9666 
8885 9667 
8880 9670 
8878 9673 
8876 9678 
8869 9685 
8861 9686 
8858 9693 
8849 9695 
8841 9697 
8836 9703 
8832 9704 
8831 9706 
8827 9710 
8823 9713 
8813 9717 
8809 9719 
8800 9720 
8798 9724 
8795 9725 
8788 9730 
8781 9731 
8780 9742 
8769 9748 
8762 9752 
8744 9756 
8742 9763 
8738 9765 
8721 9774 
8714 9776 
8705 9777 
8699 9781 
8692 9782 
8690 9787 
8681 9788 
8672 9790 
8670 9804 
8644 9805 
8639 9811 
8635 9814 
8629 9819 
8619 9820 
8608 9823 
8603 9830 
8590 9832 
8586 9842 
8576 9843 
8566 9847 
8560 9849 
8555 9850 
8545 9851 
8540 9859 
8529 9860 
8526 9861 
8522 9870 
8504 9871 
8491 9881 
8489 9883 
8479 9887 
8467 9888 
8462 9891 
8460 9892 
8457 9895 
8453 9898 
8442 9899 
8433 9903 
8424 9904 
8422 9905 
8415 9907 
8411 9910 
8406 9919 
8378 9922 
8371 9924 
8364 9926 
8352 9933 
8343 9934 
8336 9941 
8318 9944 
8306 9950 
8292 9953 
8277 9955 
8275 9957 
8266 9958 
8257 9959 
8250 9966 
8225 9967 
8217 9974 
8201 9975 
8193 9978 
8182 9979 
8172 9981 
8167 9984 
8163 9987 
8157 9989 
8154 9994 
8132 9997 
8119 9999 
8107 10000 
8097 10003 
8077 10008 
8061 10012 
8053 10016 
8041 10017 
8021 10018 
8016 10022 
7997 10023 
7993 10026 
7986 10028 
7980 10031 
7930 10034 
7922 10035 
7921 10037 
7915 10041 
7906 10044 
7885 10045 
7876 10047 
7871 10049 
7869 10050 
7858 10052 
7857 10054 
7832 10055 
7805 10057 
7797 10059 
7786 10060 
7769 10062 
7764 10068 
7727 10073 
7691 10075 
7675 10076 
7664 10077 
7646 10079 
7632 10081 
7619 10083 
7599 10084 
7595 10086 
7568 10088 
7554 10093 
7494 10094 
7437 10095 
7428 10102 
7283 10103 
Length of the list   = 405
9893 7570 
9892 7682 
9891 7715 
9889 7722 
9888 7756 
9887 7798 
9886 7854 
9882 7869 
9881 7887 
9880 7922 
9879 7993 
9873 8002 
9869 8008 
9868 8027 
9866 8034 
9865 8064 
9864 8070 
9861 8072 
9857 8085 
9855 8111 
9851 8137 
9845 8149 
9842 8152 
9841 8157 
9840 8167 
9838 8178 
9836 8206 
9831 8219 
9825 8236 
9823 8251 
9820 8255 
9819 8258 
9817 8274 
9815 8275 
9814 8278 
9812 8296 
9809 8324 
9804 8329 
9800 8345 
9796 8355 
9793 8363 
9789 8387 
9784 8400 
9783 8418 
9777 8430 
9775 8445 
9768 8459 
9766 8483 
9762 8486 
9759 8491 
9756 8496 
9755 8500 
9754 8526 
9745 8541 
9739 8548 
9738 8551 
9735 8571 
9733 8586 
9725 8587 
9723 8599 
9721 8604 
9719 8612 
9716 8617 
9713 8623 
9712 8628 
9706 8630 
9704 8634 
9703 8636 
9702 8644 
9700 8649 
9698 8650 
9696 8655 
9695 8668 
9691 8673 
9689 8682 
9685 8691 
9684 8698 
9682 8709 
9679 8733 
9670 8743 
9669 8746 
9662 8764 
9659 8769 
9651 8771 
9648 8791 
9645 8792 
9640 8793 
9638 8800 
9634 8802 
9633 8810 
9632 8820 
9631 8822 
9622 8833 
9618 8837 
9615 8841 
9614 8856 
9609 8858 
9604 8870 
9601 8883 
9597 8887 
9596 8888 
9592 8889 
9588 8899 
9587 8901 
9584 8907 
9581 8916 
9580 8918 
9578 8921 
9574 8936 
9569 8937 
9566 8940 
9561 8942 
9557 8961 
9552 8963 
9550 8974 
9546 8984 
9536 8997 
9524 9001 
9522 9007 
9517 9012 
9516 9016 
9515 9025 
9512 9037 
9505 9038 
9498 9042 
9492 9047 
9488 9048 
9487 9059 
9481 9068 
9477 9072 
9474 9074 
9472 9093 
9465 9094 
9463 9103 
9453 9116 
9442 9124 
9439 9130 
9432 9133 
9425 9134 
9423 9140 
9422 9146 
9419 9150 
9416 9153 
9414 9158 
9410 9162 
9409 9163 
9407 9164 
9402 9166 
9400 9170 
9398 9175 
9397 9179 
9393 9181 
9389 9186 
9387 9192 
9385 9197 
9375 9203 
9368 9219 
9357 9226 
9352 9228 
9349 9230 
9348 9232 
9344 9233 
9343 9237 
9341 9245 
9338 9249 
9335 9259 
9325 9263 
9323 9268 
9322 9281 
9309 9283 
9308 9288 
9301 9301 
9290 9302 
9288 9304 
9285 9315 
9282 9317 
9277 9320 
9275 9321 
9272 9328 
9266 9330 
9260 9333 
9259 9339 
9253 9340 
9252 9345 
9249 9346 
9248 9360 
9241 9367 
9238 9374 
9221 9385 
9217 9388 
9213 9391 
9209 9392 
9208 9397 
9198 9410 
9187 9418 
9185 9419 
9181 9427 
9177 9432 
9169 9433 
9165 9440 
9162 9443 
9160 9444 
9158 9447 
9157 9450 
9153 9451 
9143 9456 
9141 9462 
9140 9477 
9123 9481 
9117 9488 
9116 9496 
9111 9500 
9099 9507 
9093 9508 
9088 9511 
9087 9519 
9080 9523 
9070 9530 
9064 9531 
9060 9532 
9056 9533 
9054 9539 
9050 9544 
9045 9546 
9041 9547 
9040 9553 
9032 9554 
9031 9556 
9029 9559 
9023 9563 
9022 9568 
9012 9573 
9011 9574 
9007 9575 
9005 9577 
9000 9582 
8994 9592 
8983 9596 
8982 9597 
8972 9599 
8970 9600 
8969 9602 
8965 9615 
8952 9619 
8944 9621 
8941 9623 
8939 9627 
8934 9632 
8933 9633 
8928 9635 
8927 9636 
8924 9639 
8915 9640 
8914 9646 
8910 9650 
8904 9654 
8896 9659 
8890 9660 
8888 9670 
8878 9678 
8872 9679 
8861 9686 
8850 9691 
8849 9695 
8842 9698 
8840 9699 
8834 9700 
8832 9702 
8825 9706 
8823 9713 
8811 9716 
8810 9717 
8803 9723 
8794 9725 
8787 9727 
8786 9728 
8781 9729 
8780 9733 
8776 9736 
8772 9738 
8771 9741 
8763 9742 
8762 9752 
8749 9754 
8745 9761 
8737 9762 
8726 9770 
8717 9771 
8711 9775 
8704 9781 
8690 9783 
8688 9791 
8679 9792 
8668 9799 
8659 9803 
8654 9806 
8638 9812 
8630 9813 
8629 9819 
8625 9820 
8616 9827 
8603 9830 
8595 9831 
8587 9833 
8586 9834 
8582 9835 
8579 9839 
8575 9842 
8566 9847 
8556 9850 
8551 9855 
8540 9859 
8528 9860 
8519 9862 
8517 9866 
8507 9867 
8506 9868 
8501 9872 
8492 9874 
8491 9877 
8489 9883 
8479 9887 
8458 9892 
8457 9895 
8453 9898 
8431 9899 
8430 9903 
8424 9904 
8422 9905 
8409 9906 
8407 9907 
8406 9919 
8382 9921 
8380 9922 
8371 9924 
8367 9930 
8352 9932 
8347 9940 
8336 9941 
8316 9943 
8312 9945 
8306 9950 
8295 9955 
8285 9957 
8267 9960 
8257 9962 
8253 9963 
8250 9966 
8240 9967 
8238 9968 
8211 9970 
8203 9973 
8201 9977 
8191 9978 
8186 9980 
8172 9981 
8171 9986 
8157 9989 
8153 9990 
8146 9993 
8132 9997 
8104 9999 
8101 10002 
8081 10006 
8077 10008 
8056 10012 
8037 10014 
8032 10015 
8021 10019 
8012 10022 
7997 10025 
7980 10031 
7967 10034 
7926 10040 
7915 10041 
7907 10042 
7906 10044 
7885 10045 
7876 10047 
7871 10049 
7869 10050 
7858 10052 
7857 10054 
7832 10055 
7805 10057 
7797 10059 
7792 10066 
7764 10068 
7727 10073 
7691 10075 
7675 10076 
7664 10077 
7646 10079 
7632 10081 
7614 10082 
7599 10084 
7595 10086 
7568 10088 
7558 10090 
7554 10093 
7494 10094 
7437 10095 
7431 10096 
7428 10102 
7283 10103 
Length of the list   = 379
9893 7570 
9892 7682 
9891 7715 
9888 7756 
9887 7798 
9886 7854 
9883 7911 
9880 7922 
9879 7993 
9871 8021 
9869 8024 
9868 8027 
9866 8034 
9865 8036 
9864 8070 
9861 8084 
9854 8090 
9853 8100 
9852 8105 
9851 8137 
9843 8145 
9842 8163 
9840 8167 
9838 8178 
9836 8206 
9831 8219 
9828 8222 
9827 8230 
9825 8236 
9823 8251 
9818 8255 
9817 8274 
9816 8280 
9813 8290 
9810 8292 
9809 8324 
9800 8348 
9796 8355 
9793 8363 
9791 8374 
9789 8387 
9788 8390 
9784 8400 
9783 8407 
9781 8414 
9777 8430 
9772 8432 
9771 8441 
9769 8442 
9767 8457 
9765 8461 
9764 8477 
9760 8479 
9759 8491 
9754 8526 
9745 8552 
9734 8563 
9733 8586 
9732 8593 
9727 8595 
9725 8603 
9722 8606 
9718 8612 
9717 8620 
9713 8624 
9711 8629 
9708 8649 
9703 8651 
9702 8658 
9698 8662 
9694 8675 
9692 8691 
9685 8706 
9681 8707 
9679 8733 
9670 8743 
9669 8746 
9668 8747 
9660 8760 
9659 8769 
9651 8771 
9650 8773 
9645 8792 
9635 8796 
9633 8803 
9631 8807 
9626 8828 
9621 8835 
9615 8836 
9614 8856 
9607 8874 
9600 8875 
9598 8885 
9597 8887 
9591 8892 
9590 8893 
9588 8899 
9587 8901 
9584 8907 
9581 8916 
9578 8921 
9576 8932 
9567 8943 
9560 8945 
9558 8948 
9552 8951 
9551 8973 
9550 8974 
9538 8977 
9537 8980 
9536 8984 
9531 8996 
9525 8999 
9524 9010 
9523 9011 
9517 9012 
9516 9016 
9515 9025 
9513 9033 
9505 9038 
9499 9041 
9498 9042 
9493 9047 
9490 9052 
9487 9059 
9483 9060 
9481 9064 
9478 9074 
9475 9078 
9466 9088 
9465 9094 
9463 9103 
9456 9106 
9453 9116 
9445 9118 
9442 9124 
9439 9130 
9435 9134 
9433 9141 
9428 9142 
9420 9146 
9417 9153 
9414 9158 
9410 9162 
9407 9166 
9405 9171 
9401 9172 
9397 9179 
9393 9190 
9387 9192 
9384 9201 
9379 9202 
9375 9205 
9374 9208 
9373 9214 
9372 9220 
9365 9228 
9357 9230 
9355 9237 
9351 9241 
9346 9247 
9337 9258 
9331 9261 
9330 9276 
9313 9282 
9311 9284 
9307 9285 
9306 9286 
9302 9303 
9292 9304 
9291 9308 
9289 9311 
9288 9314 
9281 9318 
9280 9323 
9275 9324 
9271 9328 
9266 9341 
9262 9344 
9257 9352 
9255 9356 
9246 9359 
9238 9374 
9229 9386 
9213 9391 
9208 9397 
9201 9403 
9199 9405 
9198 9410 
9185 9419 
9179 9420 
9173 9429 
9169 9433 
9165 9440 
9162 9443 
9158 9447 
9154 9454 
9145 9459 
9141 9462 
9134 9470 
9127 9475 
9125 9477 
9123 9481 
9117 9488 
9116 9496 
9102 9499 
9099 9507 
9093 9508 
9088 9511 
9087 9519 
9080 9523 
9071 9524 
9070 9530 
9064 9531 
9058 9539 
9057 9541 
9048 9545 
9045 9548 
9040 9553 
9031 9556 
9029 9559 
9023 9563 
9022 9568 
9015 9574 
9009 9576 
9007 9577 
9002 9583 
8994 9586 
8991 9589 
8982 9592 
8980 9597 
8978 9603 
8965 9605 
8961 9610 
8957 9611 
8956 9617 
8948 9618 
8947 9620 
8940 9635 
8928 9640 
8918 9649 
8912 9653 
8906 9654 
8902 9656 
8896 9659 
8888 9670 
8878 9678 
8869 9685 
8850 9691 
8849 9695 
8842 9698 
8836 9702 
8825 9709 
8824 9711 
8818 9712 
8811 9716 
8805 9719 
8802 9721 
8788 9729 
8787 9731 
8776 9733 
8767 9740 
8765 9742 
8762 9752 
8744 9756 
8732 9763 
8722 9765 
8721 9767 
8717 9769 
8714 9776 
8708 9778 
8697 9782 
8684 9789 
8677 9790 
8676 9791 
8674 9792 
8670 9799 
8659 9803 
8646 9810 
8641 9812 
8633 9814 
8629 9819 
8625 9820 
8616 9827 
8603 9830 
8596 9833 
8586 9834 
8584 9835 
8579 9839 
8571 9843 
8566 9847 
8560 9849 
8551 9855 
8546 9856 
8540 9861 
8525 9865 
8522 9870 
8504 9871 
8498 9876 
8490 9880 
8489 9883 
8479 9887 
8462 9891 
8460 9897 
8453 9898 
8435 9899 
8433 9903 
8419 9906 
8416 9908 
8411 9910 
8406 9919 
8384 9921 
8375 9926 
8357 9927 
8355 9929 
8352 9933 
8344 9934 
8337 9936 
8336 9941 
8331 9943 
8318 9944 
8301 9946 
8292 9953 
8275 9957 
8267 9958 
8259 9962 
8250 9966 
8225 9967 
8210 9973 
8200 9974 
8194 9976 
8193 9978 
8186 9980 
8171 9986 
8157 9989 
8153 9990 
8146 9992 
8140 9993 
8132 9997 
8102 9998 
8097 10003 
8080 10006 
8076 10010 
8053 10016 
8041 10017 
8021 10019 
7997 10023 
7991 10026 
7981 10027 
7955 10030 
7950 10032 
7936 10036 
7915 10041 
7906 10044 
7885 10045 
7876 10047 
7869 10050 
7858 10052 
7857 10054 
7832 10055 
7814 10058 
7797 10059 
7792 10066 
7764 10068 
7727 10073 
7691 10075 
7664 10077 
7646 10079 
7632 10081 
7614 10082 
7599 10084 
7595 10086 
7568 10088 
7558 10090 
7554 10093 
7494 10094 
7437 10095 
7428 10102 
7283 10103 
Length of the list   = 394
9893 7570 
9892 7682 
9891 7715 
9888 7736 
9887 7803 
9886 7854 
9883 7911 
9880 7922 
9879 7993 
9869 8008 
9868 8027 
9866 8034 
9865 8064 
9864 8070 
9861 8072 
9857 8085 
9855 8111 
9851 8137 
9843 8144 
9842 8168 
9838 8181 
9836 8206 
9833 8207 
9831 8219 
9827 8222 
9826 8229 
9825 8236 
9823 8251 
9819 8257 
9817 8274 
9815 8275 
9814 8278 
9813 8290 
9812 8296 
9810 8298 
9809 8324 
9804 8329 
9802 8344 
9800 8348 
9799 8358 
9793 8363 
9791 8374 
9789 8387 
9784 8400 
9783 8407 
9778 8413 
9777 8430 
9775 8445 
9768 8455 
9766 8483 
9762 8486 
9757 8490 
9756 8496 
9754 8526 
9744 8539 
9738 8553 
9734 8558 
9733 8586 
9725 8602 
9722 8608 
9719 8612 
9717 8620 
9713 8622 
9712 8628 
9707 8633 
9703 8636 
9702 8658 
9698 8661 
9697 8667 
9695 8669 
9692 8671 
9688 8687 
9685 8698 
9684 8699 
9681 8707 
9679 8733 
9670 8743 
9669 8746 
9662 8764 
9659 8769 
9653 8775 
9650 8789 
9648 8791 
9645 8792 
9640 8797 
9639 8803 
9632 8820 
9631 8822 
9627 8832 
9622 8833 
9619 8834 
9618 8837 
9615 8846 
9614 8856 
9609 8864 
9603 8870 
9601 8874 
9598 8885 
9596 8888 
9589 8896 
9588 8898 
9587 8906 
9584 8907 
9580 8910 
9578 8921 
9576 8932 
9571 8935 
9567 8943 
9560 8955 
9557 8961 
9550 8974 
9540 8978 
9536 8989 
9528 8995 
9526 9006 
9524 9009 
9517 9017 
9513 9033 
9502 9036 
9500 9048 
9491 9049 
9487 9051 
9484 9065 
9475 9078 
9466 9088 
9463 9091 
9461 9092 
9456 9106 
9444 9108 
9442 9116 
9437 9118 
9436 9120 
9435 9134 
9433 9141 
9423 9154 
9413 9157 
9411 9160 
9410 9162 
9404 9164 
9400 9170 
9393 9181 
9388 9186 
9384 9193 
9383 9194 
9381 9196 
9379 9201 
9373 9203 
9372 9220 
9357 9221 
9356 9226 
9355 9228 
9351 9241 
9348 9246 
9341 9250 
9332 9255 
9328 9261 
9324 9266 
9323 9268 
9321 9279 
9313 9281 
9311 9292 
9301 9301 
9299 9303 
9289 9308 
9285 9315 
9277 9325 
9270 9330 
9264 9332 
9260 9343 
9257 9344 
9249 9346 
9248 9360 
9239 9365 
9233 9371 
9223 9382 
9219 9383 
9217 9388 
9213 9391 
9207 9395 
9201 9401 
9198 9410 
9189 9412 
9186 9413 
9185 9419 
9178 9422 
9175 9430 
9171 9431 
9169 9433 
9164 9445 
9158 9453 
9154 9454 
9148 9462 
9141 9463 
9138 9475 
9129 9476 
9125 9477 
9124 9482 
9117 9488 
9116 9496 
9102 9497 
9099 9507 
9093 9508 
9092 9510 
9088 9511 
9087 9519 
9082 9521 
9080 9523 
9071 9524 
9070 9530 
9066 9532 
9064 9540 
9057 9541 
9053 9544 
9048 9545 
9045 9546 
9040 9553 
9035 9556 
9032 9561 
9029 9564 
9022 9568 
9012 9573 
9010 9575 
9009 9576 
9002 9583 
8997 9584 
8994 9592 
8981 9598 
8974 9602 
8965 9605 
8964 9609 
8961 9613 
8952 9616 
8945 9617 
8942 9620 
8937 9623 
8934 9629 
8926 9630 
8923 9631 
8921 9633 
8920 9637 
8919 9641 
8918 9649 
8904 9653 
8895 9654 
8894 9659 
8890 9663 
8885 9665 
8884 9666 
8880 9670 
8878 9673 
8876 9674 
8869 9685 
8858 9693 
8849 9695 
8842 9698 
8832 9704 
8827 9710 
8818 9712 
8811 9716 
8808 9717 
8801 9721 
8793 9723 
8790 9725 
8789 9727 
8781 9729 
8780 9733 
8777 9734 
8775 9735 
8774 9738 
8772 9740 
8771 9741 
8766 9745 
8762 9752 
8749 9755 
8740 9758 
8736 9763 
8721 9774 
8709 9777 
8697 9780 
8691 9783 
8688 9791 
8680 9796 
8670 9804 
8649 9808 
8647 9810 
8634 9811 
8629 9819 
8620 9820 
8618 9825 
8614 9827 
8609 9831 
8600 9832 
8590 9833 
8587 9834 
8583 9839 
8579 9840 
8566 9847 
8562 9849 
8553 9851 
8551 9855 
8540 9861 
8525 9865 
8522 9870 
8504 9871 
8498 9876 
8491 9881 
8489 9883 
8480 9884 
8479 9887 
8462 9891 
8460 9897 
8453 9898 
8433 9903 
8422 9905 
8419 9911 
8393 9917 
8388 9918 
8375 9926 
8359 9928 
8355 9929 
8352 9932 
8344 9934 
8341 9939 
8336 9941 
8316 9943 
8306 9950 
8295 9955 
8275 9957 
8267 9960 
8250 9966 
8240 9967 
8238 9968 
8216 9969 
8210 9973 
8200 9974 
8195 9976 
8193 9977 
8183 9978 
8177 9980 
8172 9981 
8169 9983 
8161 9986 
8158 9989 
8153 9990 
8146 9992 
8140 9993 
8132 9997 
8118 9999 
8101 10002 
8094 10004 
8082 10005 
8077 10008 
8063 10009 
8055 10012 
8041 10017 
8012 10022 
8000 10024 
7991 10026 
7986 10028 
7980 10031 
7947 10032 
7935 10033 
7933 10034 
7926 10040 
7915 10041 
7906 10044 
7885 10045 
7876 10047 
7874 10048 
7871 10049 
7869 10050 
7858 10052 
7857 10054 
7832 10055 
7814 10058 
7797 10059 
7792 10066 
7764 10068 
7727 10073 
7691 10075 
7675 10076 
7664 10077 
7646 10079 
7632 10081 
7619 10083 
7599 10084 
7595 10086 
7568 10088 
7558 10090 
7554 10093 
7494 10094 
7437 10095 
7428 10102 
7283 10103 
Length of the list   = 395
9893 7570 
9892 7682 
9891 7715 
9888 7756 
9887 7798 
9886 7854 
9881 7889 
9880 7922 
9879 7993 
9869 8008 
9868 8027 
9866 8034 
9864 8070 
9861 8084 
9857 8085 
9854 8099 
9853 8100 
9852 8105 
9851 8137 
9843 8144 
9842 8163 
9840 8167 
9838 8181 
9836 8193 
9832 8201 
9831 8219 
9830 8221 
9825 8234 
9823 8251 
9819 8258 
9818 8260 
9817 8274 
9815 8275 
9813 8290 
9812 8296 
9809 8324 
9805 8329 
9804 8337 
9800 8348 
9799 8358 
9794 8361 
9793 8363 
9790 8367 
9789 8387 
9786 8399 
9784 8400 
9783 8418 
9777 8430 
9775 8445 
9768 8453 
9766 8483 
9762 8486 
9759 8491 
9756 8496 
9754 8526 
9745 8541 
9740 8549 
9738 8551 
9735 8571 
9733 8586 
9729 8588 
9727 8595 
9723 8599 
9721 8604 
9720 8606 
9719 8612 
9717 8620 
9713 8624 
9712 8628 
9711 8629 
9707 8633 
9704 8637 
9703 8651 
9702 8658 
9696 8662 
9694 8665 
9692 8671 
9687 8672 
9685 8698 
9684 8699 
9681 8707 
9679 8733 
9670 8743 
9669 8746 
9662 8764 
9659 8769 
9651 8772 
9648 8791 
9645 8792 
9638 8800 
9637 8802 
9631 8811 
9628 8813 
9627 8832 
9621 8833 
9617 8834 
9615 8845 
9614 8856 
9611 8860 
9607 8874 
9598 8885 
9597 8887 
9596 8888 
9588 8898 
9586 8901 
9584 8907 
9581 8916 
9578 8921 
9576 8932 
9567 8943 
9560 8955 
9550 8974 
9546 8984 
9536 8997 
9522 9007 
9520 9017 
9515 9025 
9510 9030 
9505 9038 
9498 9042 
9496 9053 
9487 9059 
9480 9063 
9478 9074 
9475 9078 
9466 9088 
9463 9103 
9453 9116 
9438 9130 
9435 9134 
9434 9137 
9428 9138 
9424 9142 
9422 9146 
9417 9148 
9416 9157 
9411 9163 
9405 9171 
9402 9174 
9397 9182 
9393 9190 
9386 9191 
9384 9193 
9383 9194 
9381 9195 
9379 9201 
9377 9202 
9374 9206 
9372 9220 
9363 9222 
9361 9228 
9355 9237 
9351 9241 
9346 9247 
9341 9250 
9337 9258 
9330 9276 
9321 9279 
9314 9286 
9311 9292 
9303 9297 
9301 9301 
9298 9303 
9291 9308 
9289 9311 
9288 9314 
9284 9316 
9280 9323 
9270 9327 
9266 9341 
9262 9344 
9255 9356 
9246 9359 
9239 9362 
9238 9368 
9233 9371 
9232 9380 
9229 9386 
9222 9388 
9217 9389 
9212 9391 
9210 9392 
9202 9395 
9201 9403 
9199 9405 
9198 9409 
9188 9411 
9185 9419 
9184 9430 
9174 9433 
9169 9437 
9165 9440 
9163 9448 
9158 9453 
9151 9456 
9143 9460 
9139 9461 
9136 9465 
9134 9471 
9133 9473 
9129 9476 
9121 9480 
9117 9488 
9116 9496 
9099 9507 
9093 9508 
9088 9511 
9087 9519 
9078 9520 
9071 9524 
9070 9530 
9066 9532 
9059 9533 
9058 9543 
9050 9544 
9048 9545 
9045 9546 
9041 9547 
9040 9553 
9036 9557 
9033 9560 
9029 9564 
9025 9568 
9011 9574 
9009 9576 
9005 9577 
9004 9584 
8994 9586 
8991 9589 
8982 9597 
8974 9601 
8963 9603 
8962 9605 
8960 9611 
8951 9614 
8949 9618 
8944 9620 
8940 9622 
8935 9625 
8933 9633 
8919 9637 
8918 9640 
8915 9645 
8914 9646 
8900 9649 
8898 9650 
8896 9659 
8890 9663 
8880 9669 
8878 9678 
8863 9679 
8861 9680 
8857 9682 
8855 9685 
8850 9687 
8848 9689 
8847 9695 
8842 9696 
8840 9699 
8835 9700 
8832 9702 
8825 9709 
8818 9712 
8813 9717 
8801 9719 
8794 9723 
8790 9725 
8784 9727 
8781 9732 
8780 9733 
8775 9738 
8771 9741 
8765 9742 
8762 9752 
8741 9756 
8740 9758 
8732 9763 
8721 9774 
8714 9776 
8709 9777 
8697 9782 
8694 9789 
8688 9791 
8683 9792 
8680 9796 
8670 9804 
8647 9810 
8638 9813 
8633 9814 
8629 9819 
8617 9822 
8614 9827 
8609 9831 
8596 9832 
8591 9833 
8587 9834 
8581 9836 
8579 9840 
8570 9845 
8566 9847 
8560 9849 
8551 9855 
8542 9861 
8539 9862 
8522 9870 
8504 9871 
8501 9883 
8483 9884 
8479 9887 
8466 9888 
8462 9891 
8460 9897 
8443 9898 
8442 9899 
8432 9902 
8426 9904 
8422 9905 
8419 9908 
8408 9909 
8401 9910 
8393 9914 
8392 9916 
8387 9919 
8383 9920 
8375 9926 
8359 9928 
8347 9940 
8336 9941 
8318 9944 
8312 9945 
8306 9950 
8295 9955 
8275 9957 
8268 9958 
8257 9959 
8250 9966 
8225 9967 
8216 9969 
8213 9971 
8210 9972 
8207 9977 
8193 9978 
8176 9979 
8173 9986 
8157 9989 
8153 9990 
8146 9992 
8140 9993 
8132 9997 
8118 9999 
8092 10000 
8091 10003 
8082 10005 
8081 10006 
8077 10008 
8076 10010 
8055 10012 
8053 10016 
8041 10017 
8021 10018 
8012 10022 
7993 10025 
7991 10026 
7986 10028 
7980 10031 
7937 10036 
7915 10041 
7907 10042 
7906 10044 
7885 10045 
7869 10050 
7858 10052 
7857 10054 
7832 10055 
7809 10058 
7797 10059 
7792 10066 
7764 10068 
7727 10073 
7691 10075 
7675 10076 
7664 10077 
7646 10079 
7632 10081 
7619 10083 
7599 10084 
7595 10086 
7568 10088 
7558 10090 
7554 10093 
7494 10094 
7437 10095 
7431 10096 
7428 10102 
7283 10103 
Length of the list   = 402
9893 7570 
9892 7682 
9891 7715 
9888 7756 
9887 7798 
9886 7854 
9883 7911 
9880 7922 
9879 7993 
9869 8008 
9868 8027 
9866 8034 
9864 8070 
9861 8084 
9854 8099 
9853 8100 
9852 8105 
9851 8137 
9844 8156 
9840 8167 
9838 8178 
9837 8182 
9836 8206 
9831 8219 
9827 8230 
9825 8236 
9823 8251 
9818 8255 
9817 8274 
9813 8290 
9812 8296 
9810 8298 
9809 8324 
9805 8329 
9804 8337 
9801 8344 
9800 8348 
9799 8358 
9793 8367 
9792 8371 
9790 8374 
9789 8387 
9788 8390 
9786 8399 
9784 8400 
9783 8407 
9781 8414 
9777 8430 
9775 8445 
9768 8455 
9767 8457 
9766 8483 
9762 8486 
9759 8491 
9756 8496 
9754 8525 
9745 8552 
9736 8566 
9733 8586 
9732 8593 
9727 8595 
9723 8599 
9722 8606 
9717 8613 
9716 8617 
9713 8622 
9712 8629 
9710 8638 
9708 8649 
9703 8651 
9702 8658 
9698 8662 
9697 8679 
9692 8691 
9687 8692 
9684 8699 
9683 8702 
9681 8704 
9679 8733 
9673 8735 
9670 8743 
9669 8746 
9668 8747 
9663 8748 
9662 8764 
9659 8769 
9653 8775 
9652 8776 
9650 8789 
9648 8791 
9645 8792 
9639 8798 
9636 8799 
9634 8803 
9633 8815 
9632 8820 
9631 8822 
9628 8837 
9618 8843 
9617 8845 
9615 8856 
9609 8858 
9604 8874 
9600 8875 
9597 8892 
9589 8896 
9588 8903 
9587 8906 
9585 8913 
9581 8915 
9578 8917 
9576 8924 
9575 8931 
9571 8935 
9569 8942 
9565 8944 
9560 8955 
9555 8957 
9554 8960 
9551 8973 
9541 8974 
9540 8978 
9531 8986 
9527 8998 
9526 9005 
9519 9010 
9514 9016 
9510 9021 
9509 9023 
9503 9025 
9502 9036 
9500 9041 
9495 9043 
9491 9046 
9487 9051 
9484 9053 
9477 9064 
9474 9069 
9469 9075 
9465 9080 
9460 9081 
9458 9098 
9453 9099 
9451 9102 
9446 9109 
9443 9111 
9440 9116 
9437 9120 
9436 9122 
9433 9134 
9425 9138 
9423 9142 
9419 9148 
9418 9151 
9416 9153 
9413 9157 
9410 9159 
9409 9161 
9405 9171 
9402 9174 
9396 9178 
9393 9190 
9386 9191 
9383 9194 
9382 9196 
9377 9202 
9373 9207 
9371 9208 
9370 9215 
9363 9216 
9362 9219 
9360 9228 
9355 9237 
9346 9247 
9340 9251 
9337 9258 
9330 9276 
9315 9283 
9314 9286 
9308 9288 
9303 9289 
9302 9294 
9299 9299 
9298 9303 
9292 9311 
9288 9314 
9281 9316 
9278 9321 
9273 9328 
9269 9335 
9266 9341 
9262 9342 
9255 9356 
9242 9363 
9241 9369 
9238 9374 
9229 9386 
9212 9392 
9206 9395 
9205 9400 
9198 9410 
9194 9415 
9189 9416 
9185 9419 
9180 9426 
9177 9432 
9169 9433 
9168 9445 
9158 9447 
9157 9450 
9151 9455 
9146 9458 
9143 9462 
9140 9477 
9123 9484 
9117 9489 
9116 9496 
9111 9500 
9097 9503 
9096 9505 
9093 9508 
9092 9510 
9086 9518 
9081 9519 
9080 9523 
9076 9524 
9067 9527 
9066 9532 
9059 9535 
9058 9543 
9045 9546 
9044 9547 
9040 9553 
9037 9560 
9033 9562 
9019 9566 
9015 9574 
9011 9576 
9006 9577 
9004 9585 
8990 9588 
8985 9593 
8982 9599 
8974 9604 
8967 9609 
8957 9611 
8956 9616 
8952 9617 
8945 9621 
8940 9635 
8926 9637 
8922 9644 
8907 9655 
8902 9656 
8896 9659 
8891 9661 
8888 9670 
8878 9678 
8862 9684 
8858 9693 
8849 9695 
8842 9698 
8840 9699 
8835 9700 
8832 9704 
8827 9710 
8818 9712 
8811 9716 
8810 9717 
8801 9722 
8794 9725 
8784 9731 
8780 9733 
8775 9734 
8772 9738 
8768 9739 
8763 9742 
8762 9752 
8749 9754 
8745 9761 
8740 9763 
8727 9764 
8723 9765 
8722 9766 
8721 9771 
8719 9775 
8714 9776 
8705 9777 
8704 9781 
8697 9782 
8694 9789 
8683 9792 
8681 9796 
8671 9800 
8665 9801 
8659 9803 
8654 9804 
8651 9806 
8641 9809 
8638 9812 
8633 9814 
8629 9819 
8625 9820 
8616 9827 
8603 9830 
8596 9832 
8590 9834 
8584 9835 
8579 9839 
8570 9845 
8563 9848 
8551 9855 
8546 9856 
8542 9861 
8536 9862 
8522 9870 
8504 9871 
8498 9873 
8492 9874 
8489 9883 
8479 9887 
8469 9888 
8464 9889 
8462 9891 
8457 9895 
8453 9898 
8432 9902 
8418 9905 
8415 9907 
8405 9910 
8403 9911 
8396 9912 
8392 9916 
8378 9922 
8361 9926 
8352 9933 
8343 9934 
8336 9941 
8312 9943 
8307 9945 
8301 9946 
8295 9955 
8275 9957 
8257 9962 
8250 9966 
8240 9967 
8225 9968 
8217 9974 
8201 9977 
8191 9978 
8186 9980 
8172 9981 
8171 9982 
8169 9986 
8164 9988 
8157 9989 
8154 9994 
8119 9999 
8102 10000 
8085 10002 
8081 10006 
8068 10008 
8061 10012 
8047 10015 
8041 10017 
8022 10018 
8021 10019 
8016 10022 
8000 10024 
7993 10026 
7979 10028 
7967 10034 
7926 10035 
7923 10037 
7915 10041 
7906 10044 
7885 10045 
7876 10047 
7871 10049 
7869 10050 
7858 10052 
7857 10054 
7832 10055 
7805 10057 
7793 10059 
7769 10062 
7764 10068 
7727 10073 
7665 10075 
7664 10077 
7646 10079 
7632 10081 
7614 10082 
7599 10084 
7595 10086 
7568 10088 
7558 10090 
7554 10093 
7494 10094 
7437 10095 
7428 10102 
7283 10103 
Length of the list   = 368
9891 7707 
9888 7715 
9887 7803 
9886 7854 
9883 7896 
9880 7922 
9879 7993 
9869 8006 
9868 8027 
9866 8034 
9864 8055 
9861 8084 
9857 8085 
9855 8107 
9851 8137 
9845 8150 
9842 8163 
9840 8175 
9838 8181 
9836 8206 
9831 8219 
9828 8222 
9827 8230 
9825 8236 
9823 8251 
9821 8263 
9817 8274 
9813 8290 
9812 8301 
9809 8324 
9805 8329 
9802 8331 
9801 8344 
9800 8345 
9799 8358 
9794 8360 
9790 8374 
9789 8387 
9788 8390 
9784 8400 
9783 8407 
9778 8413 
9777 8430 
9775 8431 
9771 8441 
9768 8453 
9766 8483 
9756 8496 
9754 8525 
9747 8526 
9746 8530 
9745 8552 
9736 8566 
9733 8586 
9723 8599 
9721 8604 
9720 8606 
9716 8617 
9713 8624 
9712 8631 
9706 8644 
9702 8652 
9696 8662 
9692 8691 
9684 8699 
9683 8702 
9681 8707 
9679 8733 
9670 8743 
9669 8746 
9668 8747 
9662 8764 
9659 8769 
9653 8775 
9650 8789 
9645 8792 
9639 8800 
9634 8802 
9631 8811 
9630 8815 
9629 8821 
9623 8826 
9622 8829 
9621 8831 
9619 8834 
9615 8836 
9614 8856 
9607 8874 
9598 8885 
9597 8887 
9591 8888 
9590 8893 
9588 8899 
9587 8901 
9584 8907 
9578 8921 
9576 8932 
9567 8943 
9565 8944 
9559 8955 
9551 8973 
9550 8974 
9546 8984 
9536 8997 
9523 9000 
9520 9017 
9511 9020 
9510 9030 
9502 9036 
9500 9041 
9496 9053 
9485 9055 
9483 9060 
9478 9074 
9475 9078 
9466 9088 
9463 9091 
9459 9094 
9457 9097 
9456 9099 
9453 9101 
9451 9103 
9449 9108 
9447 9110 
9445 9118 
9443 9121 
9439 9130 
9433 9134 
9425 9138 
9423 9147 
9420 9149 
9418 9151 
9417 9153 
9413 9157 
9411 9163 
9407 9166 
9405 9171 
9402 9174 
9398 9176 
9393 9190 
9384 9201 
9379 9202 
9374 9205 
9373 9213 
9372 9220 
9361 9228 
9355 9237 
9351 9241 
9346 9247 
9340 9251 
9337 9258 
9330 9276 
9314 9286 
9311 9291 
9307 9292 
9301 9301 
9299 9303 
9296 9305 
9291 9308 
9289 9319 
9285 9320 
9280 9323 
9279 9325 
9273 9328 
9271 9332 
9266 9341 
9262 9344 
9255 9356 
9241 9367 
9238 9374 
9229 9386 
9213 9391 
9208 9397 
9204 9407 
9199 9408 
9198 9410 
9196 9416 
9188 9419 
9180 9426 
9177 9432 
9169 9433 
9165 9440 
9162 9448 
9157 9450 
9153 9451 
9151 9456 
9146 9460 
9141 9462 
9140 9477 
9123 9484 
9117 9488 
9116 9496 
9111 9500 
9100 9502 
9099 9507 
9093 9508 
9088 9511 
9086 9518 
9080 9523 
9071 9525 
9070 9530 
9066 9532 
9062 9535 
9057 9541 
9051 9543 
9050 9544 
9045 9548 
9041 9551 
9038 9552 
9036 9557 
9033 9562 
9025 9567 
9014 9571 
9012 9573 
9011 9576 
9005 9577 
9004 9585 
8994 9592 
8983 9596 
8982 9597 
8974 9604 
8969 9606 
8965 9615 
8953 9616 
8950 9623 
8942 9624 
8937 9625 
8934 9632 
8933 9633 
8927 9636 
8926 9637 
8918 9640 
8917 9643 
8912 9645 
8910 9647 
8907 9655 
8899 9662 
8888 9670 
8878 9678 
8870 9685 
8858 9693 
8847 9695 
8841 9697 
8840 9699 
8839 9702 
8832 9706 
8827 9710 
8823 9713 
8811 9716 
8807 9727 
8787 9729 
8784 9731 
8780 9735 
8776 9744 
8769 9748 
8762 9752 
8749 9755 
8744 9756 
8738 9765 
8726 9770 
8717 9771 
8706 9777 
8696 9780 
8693 9782 
8692 9787 
8688 9791 
8680 9796 
8668 9798 
8663 9803 
8649 9807 
8647 9810 
8632 9816 
8618 9822 
8605 9823 
8604 9824 
8597 9826 
8594 9829 
8588 9837 
8578 9839 
8569 9842 
8566 9847 
8551 9855 
8540 9859 
8523 9860 
8522 9865 
8521 9876 
8487 9878 
8486 9881 
8484 9883 
8479 9887 
8462 9891 
8460 9897 
8453 9898 
8442 9899 
8435 9901 
8432 9902 
8430 9903 
8424 9904 
8422 9905 
8415 9908 
8406 9919 
8389 9920 
8380 9922 
8375 9926 
8367 9930 
8352 9932 
8344 9934 
8336 9941 
8316 9943 
8306 9950 
8295 9955 
8285 9957 
8250 9966 
8241 9968 
8217 9974 
8201 9977 
8196 9978 
8182 9979 
8171 9986 
8163 9987 
8157 9989 
8154 9994 
8132 9997 
8119 9999 
8097 10002 
8080 10005 
8077 10008 
8061 10012 
8053 10016 
8041 10017 
8022 10018 
8021 10019 
8012 10022 
7997 10025 
7993 10026 
7981 10027 
7980 10031 
7967 10034 
7940 10037 
7915 10043 
7906 10044 
7885 10045 
7871 10049 
7869 10050 
7858 10052 
7833 10054 
7832 10055 
7805 10057 
7797 10059 
7792 10066 
7764 10068 
7727 10073 
7691 10075 
7675 10076 
7664 10077 
7640 10079 
7632 10081 
7619 10083 
7599 10084 
7595 10086 
7568 10088 
7558 10090 
7554 10093 
7494 10094 
7437 10095 
7431 10096 
7428 10102 
7283 10103 
Length of the list   = 402
9893 7570 
9892 7682 
9891 7715 
9888 7756 
9887 7798 
9886 7854 
9883 7896 
9880 7922 
9879 7993 
9869 8006 
9868 8027 
9866 8034 
9865 8064 
9864 8070 
9861 8084 
9857 8085 
9855 8094 
9854 8099 
9853 8100 
9852 8105 
9851 8137 
9845 8149 
9842 8168 
9838 8178 
9836 8179 
9834 8195 
9833 8207 
9831 8219 
9826 8222 
9825 8234 
9824 8253 
9821 8263 
9817 8274 
9813 8290 
9812 8296 
9809 8324 
9805 8329 
9801 8344 
9800 8348 
9796 8355 
9794 8361 
9793 8365 
9792 8371 
9790 8374 
9789 8387 
9788 8390 
9787 8394 
9785 8397 
9784 8400 
9783 8407 
9779 8428 
9777 8430 
9775 8445 
9767 8448 
9766 8483 
9762 8486 
9756 8496 
9754 8526 
9745 8552 
9735 8565 
9733 8586 
9732 8593 
9725 8603 
9722 8606 
9719 8612 
9716 8617 
9713 8622 
9712 8628 
9711 8629 
9708 8649 
9705 8656 
9702 8658 
9698 8662 
9695 8669 
9692 8691 
9684 8698 
9683 8702 
9681 8704 
9679 8733 
9670 8743 
9669 8746 
9668 8747 
9660 8760 
9659 8769 
9653 8775 
9648 8791 
9645 8792 
9639 8798 
9637 8802 
9634 8803 
9632 8820 
9631 8822 
9626 8828 
9622 8833 
9619 8834 
9615 8836 
9612 8844 
9608 8849 
9607 8855 
9604 8870 
9597 8871 
9595 8884 
9592 8888 
9591 8892 
9588 8899 
9587 8901 
9584 8907 
9579 8913 
9575 8921 
9574 8936 
9558 8948 
9551 8958 
9548 8959 
9547 8961 
9546 8965 
9543 8970 
9541 8971 
9540 8972 
9537 8980 
9536 8984 
9533 8992 
9530 8994 
9521 9000 
9520 9002 
9517 9012 
9511 9020 
9505 9033 
9497 9043 
9490 9052 
9488 9054 
9487 9059 
9483 9065 
9478 9067 
9477 9072 
9475 9078 
9469 9081 
9466 9088 
9465 9089 
9464 9094 
9463 9103 
9456 9106 
9453 9116 
9445 9118 
9443 9123 
9439 9130 
9435 9134 
9433 9141 
9424 9142 
9423 9154 
9419 9155 
9416 9157 
9413 9166 
9403 9179 
9394 9188 
9391 9190 
9383 9194 
9381 9195 
9379 9201 
9373 9203 
9372 9220 
9363 9222 
9361 9228 
9352 9232 
9351 9241 
9344 9247 
9343 9249 
9341 9250 
9340 9251 
9335 9258 
9329 9262 
9328 9276 
9313 9281 
9306 9287 
9305 9288 
9298 9293 
9297 9299 
9289 9303 
9288 9306 
9286 9309 
9283 9313 
9281 9322 
9270 9330 
9265 9340 
9260 9343 
9254 9344 
9250 9351 
9247 9356 
9239 9365 
9238 9374 
9224 9383 
9218 9386 
9217 9387 
9213 9388 
9212 9391 
9202 9395 
9201 9407 
9187 9410 
9185 9424 
9175 9430 
9168 9432 
9165 9440 
9164 9445 
9158 9447 
9154 9454 
9148 9462 
9141 9463 
9138 9475 
9128 9476 
9125 9477 
9124 9482 
9117 9488 
9116 9496 
9099 9507 
9097 9509 
9088 9511 
9087 9519 
9081 9528 
9070 9530 
9060 9532 
9057 9541 
9050 9544 
9045 9546 
9043 9549 
9040 9553 
9029 9559 
9026 9560 
9025 9568 
9011 9574 
9009 9576 
9000 9582 
8994 9586 
8991 9589 
8982 9597 
8973 9598 
8970 9600 
8967 9604 
8962 9612 
8951 9614 
8948 9616 
8945 9618 
8944 9621 
8941 9623 
8940 9626 
8933 9633 
8927 9637 
8925 9638 
8916 9641 
8911 9647 
8908 9653 
8896 9654 
8894 9659 
8891 9661 
8887 9662 
8885 9664 
8873 9666 
8872 9677 
8866 9681 
8858 9683 
8851 9685 
8848 9689 
8842 9698 
8836 9702 
8821 9704 
8817 9706 
8812 9708 
8810 9716 
8808 9717 
8800 9718 
8796 9719 
8794 9727 
8788 9729 
8787 9731 
8785 9733 
8771 9741 
8767 9742 
8756 9752 
8743 9753 
8741 9759 
8729 9760 
8724 9764 
8722 9768 
8721 9774 
8719 9775 
8710 9776 
8704 9783 
8694 9789 
8683 9792 
8681 9796 
8671 9800 
8670 9804 
8651 9806 
8647 9810 
8641 9812 
8638 9813 
8631 9814 
8629 9819 
8625 9820 
8616 9827 
8603 9830 
8586 9834 
8584 9835 
8579 9836 
8575 9838 
8572 9839 
8570 9840 
8569 9842 
8561 9846 
8549 9849 
8540 9859 
8539 9862 
8522 9870 
8521 9876 
8501 9883 
8483 9884 
8479 9887 
8466 9888 
8464 9889 
8462 9891 
8460 9897 
8453 9898 
8442 9899 
8432 9902 
8430 9903 
8424 9904 
8422 9907 
8415 9908 
8406 9919 
8383 9920 
8380 9922 
8375 9926 
8367 9930 
8347 9931 
8344 9934 
8336 9941 
8321 9943 
8301 9946 
8295 9955 
8275 9957 
8255 9959 
8253 9963 
8250 9966 
8240 9967 
8216 9969 
8210 9973 
8204 9974 
8201 9977 
8196 9978 
8176 9979 
8172 9981 
8169 9983 
8167 9984 
8163 9987 
8157 9989 
8154 9994 
8132 9997 
8119 9999 
8097 10003 
8081 10006 
8077 10008 
8061 10012 
8040 10013 
8037 10014 
8036 10016 
8022 10018 
8021 10019 
8016 10022 
8000 10024 
7997 10025 
7993 10026 
7980 10031 
7947 10032 
7930 10034 
7924 10035 
7923 10037 
7915 10041 
7907 10042 
7906 10044 
7885 10045 
7876 10047 
7871 10049 
7869 10050 
7858 10052 
7857 10054 
7832 10055 
7805 10057 
7797 10059 
7792 10066 
7764 10068 
7727 10073 
7691 10075 
7664 10077 
7632 10081 
7614 10082 
7599 10084 
7595 10086 
7568 10088 
7558 10090 
7554 10093 
7494 10094 
7437 10095 
7428 10102 
7283 10103 
Length of the list   = 397
9893 7570 
9892 7682 
9891 7715 
9889 7722 
9888 7756 
9887 7798 
9886 7854 
9883 7911 
9880 7922 
9879 7993 
9869 8006 
9868 8027 
9866 8034 
9865 8064 
9864 8070 
9861 8084 
9857 8085 
9855 8107 
9851 8137 
9846 8146 
9844 8156 
9840 8167 
9838 8178 
9836 8206 
9833 8207 
9831 8219 
9830 8221 
9826 8229 
9825 8240 
9823 8251 
9818 8255 
9817 8274 
9813 8290 
9812 8301 
9809 8324 
9803 8326 
9801 8331 
9800 8348 
9796 8350 
9793 8363 
9790 8367 
9789 8387 
9784 8400 
9781 8414 
9779 8428 
9777 8430 
9775 8445 
9768 8459 
9766 8469 
9764 8477 
9762 8486 
9759 8491 
9755 8500 
9754 8525 
9747 8527 
9746 8530 
9745 8552 
9738 8553 
9735 8565 
9733 8586 
9732 8593 
9727 8595 
9725 8603 
9722 8608 
9719 8612 
9717 8620 
9712 8628 
9708 8649 
9700 8651 
9698 8662 
9697 8679 
9687 8692 
9685 8698 
9681 8704 
9679 8733 
9673 8735 
9670 8743 
9669 8746 
9663 8748 
9660 8760 
9659 8769 
9653 8775 
9648 8791 
9645 8792 
9640 8793 
9639 8798 
9637 8802 
9633 8810 
9632 8820 
9631 8822 
9624 8830 
9622 8833 
9619 8834 
9615 8856 
9609 8858 
9608 8860 
9604 8870 
9601 8872 
9594 8882 
9591 8887 
9590 8896 
9588 8899 
9587 8901 
9585 8913 
9583 8914 
9575 8925 
9573 8927 
9569 8942 
9567 8943 
9565 8944 
9559 8955 
9557 8961 
9551 8973 
9542 8976 
9540 8982 
9536 8984 
9532 8986 
9528 8990 
9527 8996 
9526 9005 
9524 9009 
9517 9017 
9513 9027 
9512 9037 
9500 9048 
9491 9049 
9490 9052 
9487 9059 
9484 9065 
9482 9072 
9475 9078 
9472 9093 
9464 9094 
9463 9103 
9453 9116 
9443 9121 
9439 9130 
9435 9134 
9428 9138 
9424 9142 
9423 9147 
9417 9153 
9416 9157 
9410 9162 
9404 9164 
9403 9176 
9393 9185 
9391 9190 
9383 9194 
9381 9195 
9379 9201 
9373 9204 
9372 9220 
9361 9228 
9352 9232 
9351 9241 
9344 9247 
9341 9250 
9335 9258 
9328 9276 
9313 9281 
9305 9286 
9301 9301 
9292 9304 
9291 9305 
9289 9311 
9279 9325 
9270 9326 
9264 9330 
9260 9331 
9259 9333 
9258 9344 
9251 9349 
9248 9350 
9247 9356 
9246 9359 
9238 9374 
9223 9376 
9221 9378 
9220 9379 
9217 9388 
9213 9391 
9207 9396 
9204 9398 
9201 9399 
9199 9403 
9198 9410 
9189 9411 
9187 9413 
9185 9419 
9175 9420 
9173 9421 
9170 9425 
9169 9426 
9168 9441 
9162 9443 
9160 9444 
9158 9445 
9157 9450 
9153 9451 
9148 9454 
9143 9456 
9139 9461 
9137 9464 
9130 9470 
9128 9476 
9118 9477 
9117 9482 
9116 9496 
9102 9499 
9099 9507 
9093 9508 
9084 9519 
9082 9521 
9080 9522 
9071 9524 
9070 9530 
9064 9540 
9049 9542 
9048 9543 
9045 9548 
9038 9552 
9029 9559 
9025 9561 
9023 9563 
9020 9565 
9019 9566 
9018 9567 
9015 9568 
9011 9574 
9007 9575 
9005 9577 
9000 9582 
8994 9592 
8983 9596 
8982 9597 
8973 9598 
8970 9600 
8969 9602 
8965 9615 
8957 9617 
8944 9621 
8941 9623 
8937 9627 
8934 9632 
8928 9640 
8917 9642 
8914 9644 
8908 9653 
8907 9655 
8896 9659 
8890 9661 
8888 9665 
8878 9678 
8860 9679 
8858 9693 
8849 9695 
8842 9698 
8840 9699 
8832 9704 
8827 9710 
8818 9712 
8811 9716 
8800 9718 
8798 9719 
8792 9721 
8787 9722 
8786 9728 
8784 9731 
8780 9733 
8774 9738 
8762 9752 
8749 9755 
8735 9760 
8726 9770 
8717 9773 
8711 9775 
8702 9776 
8695 9785 
8688 9791 
8679 9792 
8666 9794 
8665 9796 
8664 9798 
8661 9799 
8658 9800 
8655 9802 
8647 9810 
8638 9812 
8630 9813 
8627 9818 
8625 9820 
8616 9827 
8609 9831 
8600 9832 
8589 9834 
8581 9844 
8566 9847 
8560 9849 
8556 9850 
8552 9852 
8551 9855 
8540 9861 
8525 9865 
8521 9876 
8491 9877 
8490 9880 
8489 9883 
8480 9884 
8479 9887 
8468 9889 
8462 9891 
8460 9897 
8453 9898 
8432 9903 
8424 9904 
8418 9906 
8415 9908 
8406 9919 
8389 9920 
8380 9922 
8375 9926 
8368 9927 
8367 9930 
8344 9934 
8336 9941 
8331 9943 
8318 9944 
8307 9948 
8295 9955 
8275 9957 
8267 9960 
8250 9966 
8240 9967 
8211 9970 
8210 9973 
8201 9975 
8196 9976 
8193 9978 
8182 9979 
8177 9981 
8171 9986 
8157 9989 
8153 9990 
8150 9992 
8146 9993 
8132 9997 
8102 9998 
8099 9999 
8097 10003 
8094 10004 
8081 10007 
8077 10008 
8076 10010 
8062 10013 
8053 10016 
8041 10017 
8019 10018 
8012 10022 
8000 10024 
7997 10025 
7991 10026 
7986 10028 
7980 10031 
7947 10032 
7936 10036 
7915 10041 
7907 10042 
7906 10044 
7885 10045 
7876 10047 
7871 10049 
7869 10050 
7858 10052 
7857 10054 
7832 10055 
7814 10058 
7797 10059 
7792 10066 
7764 10068 
7727 10073 
7691 10075 
7675 10076 
7664 10077 
7646 10079 
7632 10081 
7619 10083 
7599 10084 
7595 10086 
7568 10088 
7558 10090 
7554 10093 
7494 10094 
7437 10095 
7431 10096 
7428 10102 
7283 10103 
Length of the list   = 379
9893 7570 
9892 7682 
9891 7715 
9889 7722 
9888 7751 
9887 7798 
9886 7854 
9883 7896 
9880 7922 
9879 7993 
9869 8024 
9868 8027 
9866 8034 
9865 8064 
9864 8070 
9861 8072 
9857 8090 
9855 8111 
9851 8137 
9845 8150 
9844 8156 
9842 8168 
9838 8179 
9837 8182 
9836 8206 
9831 8219 
9827 8234 
9825 8236 
9823 8251 
9818 8265 
9817 8274 
9813 8290 
9812 8296 
9810 8298 
9809 8324 
9805 8329 
9803 8332 
9801 8344 
9800 8348 
9794 8361 
9792 8362 
9790 8374 
9789 8387 
9788 8390 
9785 8393 
9784 8400 
9783 8407 
9781 8410 
9778 8413 
9777 8430 
9775 8445 
9768 8451 
9766 8483 
9762 8486 
9759 8491 
9756 8496 
9754 8525 
9745 8552 
9738 8553 
9735 8571 
9733 8586 
9732 8593 
9723 8599 
9722 8606 
9719 8612 
9717 8613 
9716 8617 
9713 8622 
9712 8628 
9708 8649 
9698 8662 
9694 8675 
9689 8678 
9688 8686 
9686 8694 
9685 8706 
9679 8733 
9670 8743 
9669 8746 
9662 8764 
9659 8769 
9653 8775 
9650 8789 
9648 8791 
9645 8792 
9640 8797 
9639 8800 
9637 8802 
9632 8809 
9629 8813 
9627 8815 
9623 8826 
9622 8833 
9618 8841 
9615 8856 
9607 8874 
9598 8885 
9597 8887 
9588 8898 
9584 8907 
9581 8916 
9578 8921 
9576 8932 
9562 8942 
9553 8953 
9551 8958 
9549 8962 
9546 8984 
9536 8997 
9520 9009 
9513 9033 
9501 9036 
9498 9039 
9496 9053 
9485 9055 
9482 9060 
9479 9068 
9475 9078 
9469 9079 
9468 9082 
9466 9088 
9461 9092 
9458 9095 
9455 9104 
9452 9105 
9449 9107 
9445 9117 
9444 9120 
9442 9124 
9435 9134 
9434 9137 
9427 9146 
9419 9148 
9418 9151 
9417 9159 
9410 9162 
9405 9171 
9402 9176 
9397 9179 
9395 9181 
9393 9190 
9387 9192 
9383 9194 
9381 9195 
9378 9196 
9377 9202 
9374 9213 
9372 9220 
9364 9227 
9360 9228 
9355 9237 
9351 9238 
9346 9247 
9341 9250 
9340 9251 
9337 9258 
9335 9259 
9330 9276 
9322 9281 
9311 9292 
9302 9301 
9292 9304 
9291 9308 
9289 9311 
9288 9314 
9285 9315 
9281 9316 
9280 9323 
9272 9329 
9266 9341 
9262 9344 
9255 9356 
9248 9360 
9241 9367 
9238 9374 
9229 9386 
9212 9391 
9204 9403 
9198 9409 
9189 9412 
9188 9415 
9185 9419 
9184 9430 
9177 9432 
9168 9441 
9162 9443 
9158 9447 
9157 9450 
9153 9451 
9151 9455 
9143 9459 
9141 9460 
9140 9477 
9123 9484 
9117 9488 
9116 9496 
9111 9500 
9099 9507 
9088 9511 
9086 9518 
9082 9521 
9081 9528 
9070 9530 
9064 9540 
9057 9541 
9053 9544 
9045 9546 
9040 9553 
9027 9557 
9025 9558 
9023 9561 
9019 9562 
9018 9567 
9009 9576 
9007 9577 
9004 9584 
9000 9585 
8990 9588 
8983 9589 
8978 9596 
8972 9598 
8971 9599 
8966 9602 
8965 9604 
8962 9605 
8958 9610 
8957 9611 
8950 9612 
8945 9616 
8944 9620 
8942 9622 
8937 9627 
8932 9630 
8931 9633 
8927 9635 
8926 9637 
8917 9642 
8915 9644 
8910 9645 
8908 9653 
8907 9655 
8897 9656 
8888 9665 
8878 9678 
8857 9682 
8853 9683 
8850 9691 
8849 9695 
8837 9696 
8836 9702 
8827 9703 
8823 9713 
8811 9716 
8808 9717 
8797 9721 
8790 9723 
8786 9728 
8780 9733 
8771 9735 
8767 9737 
8766 9738 
8762 9752 
8745 9754 
8743 9755 
8742 9760 
8729 9763 
8726 9770 
8707 9771 
8706 9773 
8705 9776 
8704 9781 
8692 9787 
8688 9791 
8667 9793 
8665 9795 
8663 9797 
8662 9801 
8655 9802 
8647 9810 
8638 9813 
8629 9819 
8625 9820 
8616 9827 
8603 9830 
8596 9832 
8587 9833 
8586 9834 
8582 9835 
8579 9840 
8565 9841 
8561 9846 
8556 9850 
8545 9851 
8540 9856 
8533 9861 
8516 9862 
8515 9863 
8510 9865 
8509 9869 
8497 9872 
8495 9874 
8490 9876 
8489 9879 
8468 9889 
8461 9891 
8460 9897 
8444 9898 
8435 9899 
8430 9903 
8421 9906 
8415 9908 
8408 9909 
8406 9919 
8384 9921 
8375 9926 
8368 9927 
8361 9930 
8343 9932 
8337 9936 
8336 9941 
8331 9943 
8306 9950 
8295 9955 
8275 9957 
8267 9960 
8250 9966 
8221 9967 
8220 9969 
8217 9974 
8201 9977 
8193 9978 
8191 9980 
8172 9981 
8171 9986 
8163 9987 
8157 9989 
8154 9994 
8132 9997 
8119 9999 
8102 10000 
8101 10002 
8080 10004 
8076 10010 
8062 10013 
8053 10016 
8041 10017 
8018 10018 
8016 10022 
8007 10024 
7997 10025 
7991 10026 
7980 10031 
7925 10034 
7922 10035 
7915 10043 
7906 10044 
7885 10045 
7871 10049 
7869 10050 
7858 10052 
7857 10054 
7832 10055 
7805 10057 
7797 10059 
7764 10068 
7727 10073 
7675 10076 
7664 10077 
7640 10079 
7632 10081 
7619 10083 
7599 10084 
7595 10086 
7568 10088 
7554 10093 
7494 10094 
7437 10095 
7428 10102 
7283 10103 
Length of the list   = 386
9893 7570 
9892 7682 
9891 7715 
9888 7756 
9887 7803 
9886 7854 
9881 7887 
9880 7922 
9879 7993 
9869 8024 
9868 8027 
9866 8034 
9865 8064 
9864 8070 
9861 8072 
9857 8090 
9855 8111 
9851 8137 
9843 8144 
9842 8148 
9841 8150 
9840 8167 
9838 8181 
9836 8206 
9833 8207 
9831 8219 
9827 8230 
9825 8236 
9823 8251 
9818 8255 
9817 8274 
9813 8290 
9810 8292 
9809 8324 
9805 8329 
9801 8344 
9800 8348 
9792 8371 
9790 8377 
9789 8387 
9788 8389 
9787 8394 
9784 8400 
9783 8407 
9781 8414 
9778 8417 
9777 8430 
9775 8445 
9768 8455 
9766 8483 
9762 8486 
9759 8491 
9756 8496 
9754 8526 
9745 8541 
9740 8549 
9734 8559 
9732 8571 
9730 8582 
9727 8595 
9719 8612 
9716 8616 
9713 8624 
9712 8631 
9707 8640 
9703 8651 
9702 8658 
9701 8660 
9697 8679 
9689 8680 
9688 8687 
9684 8699 
9681 8707 
9679 8733 
9670 8743 
9669 8746 
9662 8764 
9659 8769 
9653 8775 
9650 8789 
9648 8791 
9645 8792 
9640 8797 
9639 8798 
9638 8800 
9637 8802 
9633 8803 
9632 8820 
9631 8822 
9627 8832 
9622 8833 
9619 8834 
9618 8843 
9617 8845 
9614 8856 
9607 8874 
9597 8892 
9588 8899 
9587 8906 
9584 8907 
9581 8916 
9578 8921 
9576 8932 
9571 8935 
9568 8938 
9567 8943 
9557 8948 
9553 8953 
9550 8974 
9546 8984 
9531 8991 
9528 8994 
9527 8996 
9523 8997 
9521 9000 
9520 9017 
9510 9030 
9502 9032 
9501 9033 
9500 9038 
9498 9042 
9496 9043 
9493 9045 
9489 9049 
9486 9061 
9478 9074 
9471 9076 
9468 9082 
9466 9088 
9463 9091 
9459 9094 
9458 9098 
9456 9099 
9455 9104 
9449 9106 
9445 9118 
9443 9121 
9442 9124 
9439 9130 
9435 9134 
9426 9136 
9425 9138 
9424 9139 
9423 9147 
9419 9148 
9416 9149 
9415 9154 
9414 9158 
9411 9160 
9410 9162 
9405 9171 
9402 9176 
9396 9179 
9395 9181 
9393 9190 
9388 9194 
9382 9203 
9374 9205 
9373 9214 
9372 9220 
9363 9222 
9360 9228 
9355 9237 
9351 9238 
9349 9240 
9346 9247 
9341 9250 
9337 9258 
9333 9259 
9330 9276 
9312 9277 
9311 9291 
9301 9301 
9294 9302 
9291 9308 
9289 9311 
9285 9312 
9279 9325 
9269 9329 
9266 9341 
9262 9344 
9255 9356 
9235 9364 
9230 9367 
9229 9386 
9212 9391 
9208 9397 
9201 9403 
9198 9409 
9191 9414 
9186 9416 
9176 9428 
9168 9432 
9165 9440 
9162 9448 
9153 9451 
9147 9455 
9143 9456 
9140 9457 
9137 9460 
9136 9463 
9135 9466 
9134 9470 
9127 9475 
9123 9476 
9117 9488 
9116 9496 
9099 9507 
9093 9508 
9088 9511 
9087 9519 
9082 9521 
9071 9524 
9070 9530 
9064 9540 
9053 9544 
9045 9548 
9039 9551 
9038 9552 
9029 9559 
9026 9561 
9023 9563 
9018 9566 
9012 9573 
9011 9574 
9010 9575 
9005 9577 
9004 9585 
8994 9592 
8983 9596 
8982 9597 
8974 9601 
8971 9603 
8966 9606 
8965 9615 
8949 9618 
8947 9620 
8944 9621 
8941 9623 
8937 9625 
8935 9628 
8934 9632 
8933 9633 
8930 9634 
8927 9636 
8918 9640 
8917 9642 
8912 9653 
8907 9655 
8896 9659 
8888 9665 
8881 9670 
8878 9678 
8868 9680 
8857 9682 
8854 9683 
8851 9687 
8849 9695 
8842 9696 
8840 9699 
8836 9702 
8825 9709 
8824 9711 
8818 9712 
8811 9716 
8805 9719 
8798 9723 
8794 9727 
8788 9729 
8780 9733 
8771 9741 
8762 9752 
8747 9756 
8733 9757 
8730 9761 
8721 9771 
8712 9773 
8709 9777 
8706 9778 
8697 9782 
8694 9789 
8683 9792 
8680 9796 
8670 9804 
8654 9806 
8647 9808 
8638 9809 
8636 9812 
8630 9813 
8629 9819 
8625 9820 
8616 9827 
8603 9830 
8596 9832 
8589 9834 
8586 9842 
8561 9846 
8557 9847 
8556 9850 
8551 9855 
8546 9856 
8542 9861 
8539 9862 
8522 9870 
8521 9876 
8501 9883 
8480 9884 
8479 9887 
8467 9888 
8463 9892 
8460 9897 
8444 9898 
8435 9899 
8433 9903 
8424 9904 
8421 9909 
8406 9919 
8380 9922 
8375 9926 
8367 9930 
8347 9931 
8343 9934 
8337 9936 
8336 9941 
8331 9943 
8301 9946 
8292 9953 
8275 9957 
8267 9958 
8252 9959 
8250 9966 
8225 9968 
8217 9974 
8196 9978 
8186 9980 
8171 9986 
8164 9988 
8157 9989 
8153 9990 
8140 9993 
8132 9997 
8102 9998 
8097 10003 
8094 10004 
8081 10006 
8076 10010 
8062 10013 
8053 10016 
8041 10017 
8021 10019 
8012 10022 
8000 10024 
7997 10025 
7991 10026 
7986 10028 
7980 10031 
7967 10034 
7940 10037 
7915 10041 
7906 10044 
7885 10045 
7876 10047 
7869 10050 
7857 10054 
7832 10055 
7814 10058 
7797 10059 
7792 10066 
7764 10068 
7727 10073 
7691 10075 
7675 10076 
7664 10077 
7640 10079 
7632 10081 
7619 10083 
7616 10084 
7595 10086 
7568 10088 
7558 10090 
7554 10093 
7494 10094 
7437 10095 
7431 10096 
7428 10102 
7283 10103 
Length of the list   = 398
9891 7707 
9889 7722 
9888 7751 
9887 7803 
9886 7854 
9881 7890 
9880 7922 
9879 7993 
9869 8024 
9868 8027 
9864 8070 
9861 8084 
9857 8090 
9855 8111 
9851 8137 
9844 8156 
9840 8167 
9838 8178 
9837 8182 
9836 8206 
9833 8207 
9831 8219 
9828 8222 
9827 8230 
9825 8236 
9823 8251 
9818 8255 
9817 8274 
9813 8290 
9811 8294 
9809 8324 
9801 8327 
9800 8345 
9796 8353 
9792 8371 
9790 8377 
9789 8387 
9788 8390 
9786 8396 
9785 8397 
9784 8400 
9783 8407 
9778 8413 
9777 8430 
9775 8445 
9769 8453 
9768 8455 
9765 8464 
9764 8477 
9762 8486 
9759 8491 
9755 8495 
9754 8525 
9745 8552 
9735 8565 
9733 8586 
9732 8593 
9727 8595 
9725 8602 
9722 8608 
9719 8612 
9717 8620 
9713 8624 
9712 8628 
9711 8629 
9708 8649 
9702 8652 
9698 8662 
9695 8669 
9694 8675 
9692 8691 
9685 8698 
9683 8702 
9681 8704 
9679 8733 
9670 8743 
9669 8746 
9668 8747 
9662 8749 
9660 8756 
9659 8769 
9653 8775 
9652 8776 
9648 8791 
9645 8792 
9640 8797 
9639 8798 
9634 8799 
9633 8803 
9632 8820 
9631 8822 
9626 8828 
9622 8833 
9619 8834 
9615 8856 
9608 8860 
9604 8870 
9600 8875 
9596 8888 
9591 8892 
9590 8893 
9587 8901 
9585 8913 
9576 8924 
9575 8931 
9569 8942 
9565 8944 
9559 8955 
9557 8961 
9551 8973 
9550 8974 
9541 8975 
9540 8978 
9536 8980 
9535 8982 
9533 8995 
9529 8998 
9528 8999 
9526 9006 
9523 9007 
9519 9011 
9518 9012 
9517 9017 
9515 9025 
9513 9033 
9502 9036 
9500 9048 
9490 9052 
9488 9056 
9487 9059 
9485 9065 
9482 9072 
9475 9078 
9469 9079 
9466 9080 
9465 9088 
9464 9094 
9463 9103 
9453 9116 
9445 9118 
9439 9130 
9435 9134 
9428 9138 
9424 9143 
9420 9149 
9416 9157 
9414 9158 
9411 9160 
9410 9162 
9405 9171 
9403 9176 
9393 9190 
9384 9191 
9383 9194 
9382 9196 
9378 9202 
9373 9207 
9372 9220 
9363 9222 
9361 9228 
9353 9235 
9351 9241 
9346 9244 
9341 9245 
9335 9246 
9334 9261 
9324 9268 
9322 9269 
9321 9273 
9319 9274 
9315 9275 
9313 9281 
9311 9291 
9301 9301 
9291 9309 
9289 9312 
9281 9322 
9279 9325 
9270 9326 
9264 9332 
9260 9343 
9252 9345 
9251 9346 
9248 9355 
9247 9356 
9239 9365 
9234 9371 
9227 9374 
9224 9383 
9217 9388 
9212 9391 
9208 9397 
9201 9407 
9198 9410 
9194 9413 
9185 9424 
9175 9430 
9171 9431 
9169 9433 
9165 9440 
9164 9445 
9158 9453 
9154 9454 
9148 9462 
9141 9463 
9138 9475 
9129 9476 
9125 9477 
9123 9481 
9118 9484 
9117 9488 
9116 9496 
9102 9497 
9099 9507 
9093 9508 
9092 9510 
9088 9511 
9087 9519 
9082 9521 
9073 9522 
9070 9530 
9064 9540 
9057 9541 
9049 9542 
9045 9546 
9039 9547 
9036 9556 
9031 9560 
9026 9561 
9023 9563 
9020 9565 
9014 9570 
9013 9575 
9004 9584 
8994 9586 
8991 9589 
8988 9592 
8981 9598 
8973 9608 
8967 9609 
8959 9612 
8957 9615 
8950 9617 
8947 9620 
8945 9623 
8942 9629 
8935 9635 
8925 9637 
8924 9644 
8914 9649 
8907 9655 
8906 9663 
8892 9667 
8885 9672 
8878 9678 
8875 9680 
8868 9684 
8858 9693 
8849 9695 
8842 9698 
8840 9699 
8834 9700 
8831 9702 
8829 9704 
8827 9710 
8818 9712 
8813 9717 
8805 9720 
8802 9722 
8795 9723 
8791 9725 
8786 9726 
8781 9732 
8780 9735 
8775 9738 
8767 9741 
8765 9742 
8762 9752 
8744 9756 
8733 9759 
8730 9766 
8721 9774 
8709 9777 
8694 9789 
8683 9792 
8680 9796 
8670 9804 
8650 9806 
8642 9811 
8638 9813 
8631 9814 
8629 9819 
8618 9820 
8612 9824 
8605 9825 
8598 9828 
8596 9832 
8590 9833 
8586 9834 
8585 9835 
8579 9839 
8569 9840 
8564 9841 
8561 9846 
8560 9849 
8556 9850 
8551 9855 
8546 9856 
8539 9857 
8524 9860 
8522 9870 
8521 9876 
8489 9883 
8471 9884 
8465 9893 
8460 9897 
8443 9898 
8433 9903 
8418 9906 
8415 9908 
8402 9911 
8398 9918 
8387 9921 
8378 9922 
8375 9926 
8368 9927 
8367 9930 
8352 9933 
8344 9934 
8336 9941 
8331 9943 
8318 9944 
8307 9948 
8295 9955 
8275 9957 
8267 9960 
8250 9966 
8241 9968 
8217 9974 
8201 9977 
8193 9978 
8191 9980 
8171 9981 
8167 9984 
8164 9988 
8157 9989 
8153 9990 
8140 9993 
8132 9997 
8107 10000 
8101 10002 
8097 10003 
8080 10005 
8077 10008 
8060 10011 
8055 10012 
8053 10016 
8041 10017 
8022 10018 
8021 10019 
8016 10022 
8007 10024 
7997 10025 
7991 10026 
7986 10028 
7980 10031 
7967 10034 
7923 10037 
7915 10043 
7906 10044 
7885 10045 
7876 10047 
7872 10048 
7871 10049 
7869 10050 
7858 10052 
7857 10054 
7832 10055 
7824 10056 
7813 10058 
7797 10059 
7792 10066 
7764 10068 
7727 10073 
7691 10075 
7664 10077 
7641 10078 
7640 10079 
7632 10081 
7619 10083 
7599 10084 
7595 10086 
7568 10088 
7554 10093 
7494 10094 
7437 10095 
7428 10102 
7283 10103 
Length of the list   = 400
9893 7570 
9892 7682 
9891 7715 
9889 7722 
9888 7756 
9887 7803 
9886 7854 
9881 7890 
9880 7922 
9879 7993 
9869 8024 
9868 8027 
9866 8034 
9864 8070 
9861 8084 
9857 8090 
9855 8107 
9851 8137 
9845 8149 
9844 8156 
9842 8168 
9840 8175 
9838 8178 
9836 8206 
9831 8219 
9828 8222 
9827 8230 
9825 8236 
9824 8253 
9821 8263 
9817 8274 
9813 8290 
9812 8296 
9810 8298 
9809 8324 
9805 8329 
9804 8337 
9801 8344 
9800 8348 
9793 8363 
9790 8374 
9789 8387 
9788 8390 
9784 8400 
9783 8407 
9781 8410 
9779 8427 
9777 8430 
9775 8431 
9771 8441 
9768 8451 
9766 8483 
9759 8491 
9756 8496 
9755 8504 
9754 8525 
9745 8552 
9735 8571 
9733 8586 
9732 8593 
9727 8595 
9725 8603 
9722 8606 
9717 8608 
9716 8616 
9713 8624 
9712 8629 
9708 8649 
9703 8651 
9702 8658 
9698 8662 
9693 8664 
9692 8671 
9691 8672 
9689 8679 
9684 8699 
9681 8704 
9679 8733 
9670 8743 
9669 8746 
9662 8764 
9659 8769 
9651 8771 
9650 8789 
9645 8792 
9639 8798 
9637 8802 
9633 8815 
9629 8821 
9624 8825 
9622 8827 
9620 8828 
9619 8834 
9617 8844 
9615 8856 
9609 8858 
9607 8863 
9603 8870 
9598 8874 
9597 8877 
9596 8888 
9587 8899 
9586 8901 
9584 8907 
9577 8912 
9576 8916 
9575 8920 
9574 8928 
9568 8938 
9565 8943 
9560 8945 
9554 8957 
9550 8974 
9546 8984 
9536 8997 
9528 8999 
9524 9001 
9522 9007 
9520 9017 
9515 9025 
9512 9037 
9505 9038 
9498 9042 
9496 9053 
9487 9059 
9482 9064 
9478 9074 
9475 9081 
9466 9088 
9465 9094 
9463 9103 
9456 9111 
9453 9116 
9442 9124 
9439 9130 
9433 9134 
9429 9135 
9428 9142 
9423 9147 
9418 9149 
9415 9154 
9414 9158 
9411 9160 
9409 9162 
9403 9176 
9399 9178 
9397 9182 
9391 9190 
9389 9191 
9384 9193 
9383 9194 
9382 9197 
9377 9199 
9376 9202 
9375 9205 
9374 9206 
9372 9220 
9365 9228 
9355 9237 
9351 9241 
9348 9246 
9344 9247 
9340 9251 
9335 9258 
9334 9261 
9328 9276 
9321 9279 
9313 9281 
9311 9292 
9301 9301 
9292 9304 
9291 9305 
9289 9308 
9285 9315 
9271 9321 
9269 9325 
9267 9330 
9260 9343 
9253 9347 
9248 9360 
9233 9367 
9228 9369 
9224 9371 
9219 9383 
9208 9384 
9207 9395 
9199 9405 
9198 9410 
9191 9414 
9186 9415 
9171 9419 
9170 9428 
9169 9437 
9165 9440 
9160 9444 
9156 9445 
9149 9449 
9148 9454 
9145 9459 
9139 9461 
9136 9463 
9133 9473 
9127 9475 
9122 9476 
9121 9480 
9117 9488 
9116 9496 
9099 9507 
9093 9508 
9088 9511 
9086 9515 
9082 9521 
9076 9524 
9070 9530 
9064 9540 
9058 9543 
9053 9544 
9048 9545 
9045 9546 
9044 9547 
9040 9553 
9036 9557 
9034 9559 
9033 9560 
9026 9561 
9023 9563 
9022 9568 
9012 9573 
9011 9574 
9009 9576 
9005 9577 
9000 9582 
8998 9584 
8994 9592 
8983 9596 
8974 9601 
8967 9608 
8965 9615 
8950 9617 
8949 9618 
8944 9622 
8941 9623 
8937 9625 
8935 9628 
8934 9632 
8933 9633 
8927 9636 
8926 9637 
8918 9640 
8916 9648 
8907 9655 
8896 9659 
8895 9662 
8885 9665 
8884 9666 
8878 9678 
8867 9679 
8866 9681 
8858 9693 
8849 9695 
8842 9698 
8840 9699 
8837 9700 
8832 9702 
8827 9710 
8818 9712 
8811 9716 
8810 9717 
8801 9719 
8799 9721 
8794 9723 
8789 9726 
8782 9734 
8774 9735 
8772 9738 
8767 9742 
8766 9745 
8762 9752 
8742 9760 
8726 9770 
8717 9776 
8704 9781 
8690 9783 
8688 9791 
8679 9792 
8669 9794 
8663 9795 
8662 9801 
8655 9802 
8650 9804 
8638 9809 
8634 9811 
8629 9814 
8623 9819 
8614 9820 
8608 9825 
8598 9832 
8590 9833 
8586 9834 
8579 9836 
8578 9838 
8572 9840 
8566 9847 
8560 9848 
8549 9854 
8536 9855 
8530 9859 
8526 9861 
8516 9867 
8501 9868 
8499 9874 
8487 9877 
8485 9879 
8483 9883 
8468 9889 
8459 9890 
8458 9892 
8457 9895 
8443 9899 
8432 9903 
8424 9904 
8422 9905 
8415 9908 
8406 9919 
8375 9926 
8368 9927 
8347 9931 
8344 9934 
8336 9941 
8315 9943 
8307 9948 
8306 9950 
8295 9955 
8285 9957 
8267 9960 
8259 9962 
8250 9966 
8241 9968 
8216 9969 
8211 9970 
8207 9971 
8203 9973 
8198 9975 
8193 9978 
8186 9980 
8177 9981 
8171 9986 
8164 9988 
8159 9989 
8154 9994 
8132 9997 
8119 9999 
8101 10002 
8097 10003 
8080 10005 
8074 10007 
8059 10009 
8055 10012 
8040 10013 
8039 10015 
8036 10016 
8022 10018 
8012 10022 
8007 10024 
7997 10025 
7991 10026 
7980 10031 
7960 10033 
7930 10034 
7922 10035 
7921 10037 
7918 10038 
7915 10041 
7906 10044 
7885 10045 
7876 10047 
7869 10050 
7858 10052 
7857 10054 
7832 10055 
7824 10056 
7814 10058 
7797 10059 
7792 10066 
7764 10068 
7727 10073 
7691 10075 
7675 10076 
7664 10077 
7632 10081 
7614 10082 
7599 10084 
7595 10086 
7568 10088 
7558 10090 
7554 10093 
7494 10094 
7437 10095 
7428 10102 
7283 10103 
Length of the list   = 399
9893 7570 
9892 7682 
9891 7715 
9888 7756 
9887 7798 
9886 7854 
9883 7911 
9880 7922 
9879 7993 
9871 8021 
9869 8024 
9868 8027 
9866 8034 
9864 8070 
9856 8080 
9855 8086 
9854 8099 
9853 8100 
9852 8105 
9849 8123 
9847 8124 
9845 8135 
9844 8156 
9842 8168 
9838 8181 
9836 8193 
9834 8204 
9828 8222 
9827 8224 
9826 8229 
9824 8253 
9821 8263 
9817 8274 
9813 8290 
9810 8298 
9809 8324 
9804 8337 
9802 8344 
9800 8348 
9797 8359 
9794 8361 
9793 8363 
9791 8374 
9789 8387 
9786 8389 
9785 8404 
9783 8407 
9781 8410 
9779 8428 
9777 8430 
9774 8432 
9771 8442 
9768 8451 
9767 8457 
9766 8483 
9759 8491 
9755 8494 
9754 8525 
9745 8541 
9743 8550 
9738 8551 
9735 8571 
9733 8586 
9729 8588 
9727 8595 
9725 8602 
9721 8604 
9719 8612 
9717 8620 
9713 8624 
9712 8628 
9707 8633 
9704 8634 
9703 8651 
9702 8658 
9693 8664 
9692 8691 
9685 8706 
9679 8733 
9670 8743 
9669 8746 
9668 8747 
9662 8753 
9660 8760 
9659 8769 
9651 8772 
9650 8773 
9648 8791 
9645 8792 
9638 8793 
9634 8802 
9632 8820 
9631 8822 
9623 8826 
9622 8833 
9618 8837 
9615 8841 
9612 8845 
9609 8858 
9607 8859 
9606 8860 
9604 8870 
9601 8872 
9597 8877 
9596 8888 
9590 8893 
9588 8899 
9587 8901 
9581 8902 
9580 8918 
9578 8921 
9576 8932 
9574 8936 
9567 8943 
9559 8944 
9557 8961 
9550 8974 
9540 8978 
9538 8983 
9536 8984 
9535 8986 
9528 8995 
9527 8996 
9526 9006 
9524 9009 
9523 9011 
9519 9015 
9517 9017 
9510 9021 
9509 9028 
9502 9036 
9500 9048 
9496 9053 
9488 9056 
9484 9065 
9475 9078 
9474 9081 
9464 9089 
9462 9090 
9461 9092 
9458 9098 
9453 9099 
9452 9103 
9451 9105 
9448 9116 
9445 9117 
9437 9120 
9435 9134 
9434 9137 
9424 9145 
9422 9146 
9419 9148 
9416 9153 
9413 9155 
9411 9163 
9405 9171 
9402 9174 
9398 9176 
9397 9179 
9393 9190 
9387 9192 
9383 9194 
9381 9195 
9378 9197 
9377 9202 
9374 9206 
9372 9220 
9364 9227 
9355 9237 
9346 9247 
9341 9250 
9340 9251 
9337 9258 
9335 9259 
9330 9276 
9322 9281 
9311 9292 
9302 9294 
9301 9301 
9299 9303 
9291 9308 
9289 9312 
9285 9315 
9281 9322 
9280 9323 
9279 9325 
9268 9330 
9266 9341 
9262 9344 
9257 9352 
9248 9360 
9239 9365 
9238 9366 
9233 9371 
9229 9386 
9221 9387 
9212 9391 
9208 9397 
9201 9407 
9198 9409 
9187 9410 
9185 9419 
9184 9430 
9169 9437 
9165 9440 
9164 9445 
9157 9450 
9153 9451 
9150 9453 
9147 9455 
9141 9462 
9138 9475 
9124 9482 
9117 9488 
9116 9496 
9102 9497 
9099 9507 
9093 9508 
9092 9510 
9088 9511 
9087 9519 
9082 9521 
9081 9528 
9070 9530 
9067 9533 
9064 9540 
9057 9541 
9053 9544 
9049 9552 
9039 9556 
9032 9561 
9025 9564 
9018 9569 
9016 9571 
9013 9575 
9009 9576 
9004 9584 
8994 9586 
8991 9592 
8981 9598 
8973 9608 
8959 9612 
8953 9613 
8952 9619 
8942 9625 
8936 9628 
8935 9629 
8932 9634 
8926 9637 
8924 9639 
8918 9640 
8917 9642 
8915 9643 
8914 9649 
8908 9653 
8907 9655 
8903 9657 
8892 9667 
8885 9672 
8878 9678 
8868 9684 
8854 9689 
8850 9690 
8847 9693 
8842 9698 
8836 9702 
8827 9710 
8811 9716 
8801 9717 
8800 9718 
8797 9719 
8793 9723 
8788 9729 
8784 9731 
8781 9732 
8780 9733 
8775 9738 
8771 9741 
8762 9752 
8743 9753 
8737 9756 
8735 9760 
8726 9770 
8719 9775 
8709 9777 
8697 9782 
8692 9787 
8688 9791 
8683 9792 
8681 9796 
8670 9804 
8650 9805 
8649 9808 
8647 9810 
8642 9811 
8633 9814 
8629 9819 
8625 9820 
8618 9825 
8616 9827 
8603 9830 
8594 9838 
8579 9839 
8578 9841 
8569 9842 
8566 9847 
8560 9849 
8555 9850 
8551 9855 
8546 9856 
8542 9861 
8536 9862 
8522 9870 
8521 9876 
8489 9883 
8479 9887 
8468 9889 
8462 9891 
8460 9897 
8453 9898 
8433 9903 
8419 9906 
8415 9908 
8409 9910 
8393 9917 
8392 9919 
8389 9920 
8380 9922 
8375 9926 
8368 9927 
8352 9932 
8343 9934 
8336 9941 
8331 9943 
8306 9950 
8292 9953 
8276 9954 
8275 9957 
8267 9960 
8250 9966 
8238 9968 
8220 9969 
8214 9975 
8193 9978 
8176 9979 
8172 9981 
8171 9986 
8157 9989 
8153 9990 
8146 9992 
8140 9993 
8132 9997 
8099 9999 
8097 10003 
8081 10007 
8076 10010 
8062 10013 
8053 10016 
8041 10017 
8021 10019 
8004 10022 
8000 10024 
7997 10025 
7991 10026 
7980 10031 
7947 10032 
7943 10033 
7934 10035 
7925 10037 
7915 10041 
7906 10044 
7885 10045 
7876 10047 
7874 10048 
7869 10050 
7858 10052 
7857 10054 
7832 10055 
7805 10057 
7797 10059 
7792 10066 
7764 10068 
7727 10073 
7691 10075 
7675 10076 
7664 10077 
7640 10079 
7632 10081 
7619 10083 
7599 10084 
7595 10086 
7568 10088 
7558 10090 
7554 10093 
7494 10094 
7437 10095 
7431 10096 
7428 10102 
7283 10103 
Length of the list   = 363
9893 7570 
9892 7682 
9891 7715 
9888 7756 
9887 7803 
9886 7854 
9881 7889 
9880 7922 
9879 7993 
9873 8002 
9869 8024 
9868 8027 
9865 8064 
9864 8070 
9861 8084 
9857 8085 
9855 8107 
9851 8137 
9844 8156 
9842 8168 
9838 8179 
9836 8206 
9833 8207 
9831 8219 
9827 8230 
9825 8236 
9823 8251 
9821 8263 
9817 8274 
9815 8280 
9813 8290 
9812 8296 
9809 8324 
9805 8329 
9800 8348 
9799 8358 
9793 8363 
9790 8367 
9789 8387 
9788 8390 
9785 8393 
9784 8400 
9783 8407 
9778 8413 
9777 8430 
9775 8445 
9768 8455 
9767 8457 
9766 8483 
9762 8486 
9759 8491 
9756 8496 
9754 8526 
9745 8552 
9735 8565 
9733 8586 
9732 8593 
9725 8603 
9722 8608 
9716 8617 
9713 8622 
9712 8629 
9708 8649 
9702 8652 
9698 8662 
9695 8669 
9692 8691 
9685 8698 
9683 8702 
9681 8704 
9679 8733 
9670 8743 
9669 8746 
9662 8764 
9659 8769 
9653 8775 
9650 8789 
9645 8792 
9638 8800 
9637 8802 
9633 8810 
9632 8814 
9629 8821 
9626 8828 
9622 8829 
9621 8831 
9619 8834 
9618 8837 
9617 8845 
9614 8856 
9609 8864 
9607 8874 
9603 8876 
9601 8883 
9598 8885 
9597 8887 
9590 8889 
9588 8903 
9580 8904 
9578 8921 
9576 8932 
9574 8936 
9568 8938 
9567 8943 
9559 8949 
9553 8952 
9550 8974 
9546 8984 
9536 8997 
9525 8999 
9520 9017 
9510 9030 
9501 9036 
9499 9041 
9496 9053 
9490 9056 
9480 9063 
9478 9068 
9476 9069 
9475 9078 
9465 9083 
9462 9090 
9461 9092 
9456 9111 
9445 9115 
9440 9116 
9436 9120 
9435 9134 
9428 9135 
9425 9138 
9422 9146 
9418 9151 
9416 9153 
9414 9155 
9413 9157 
9410 9162 
9405 9171 
9400 9172 
9395 9177 
9393 9190 
9387 9192 
9383 9194 
9378 9196 
9377 9202 
9372 9220 
9364 9227 
9361 9228 
9355 9237 
9351 9241 
9346 9247 
9341 9250 
9337 9258 
9332 9263 
9330 9276 
9315 9283 
9307 9285 
9304 9287 
9302 9294 
9301 9295 
9299 9299 
9291 9308 
9290 9311 
9282 9312 
9281 9325 
9268 9328 
9266 9341 
9259 9343 
9256 9347 
9252 9348 
9248 9351 
9246 9359 
9242 9366 
9241 9369 
9233 9371 
9232 9380 
9229 9386 
9217 9390 
9212 9392 
9205 9409 
9198 9410 
9196 9416 
9185 9419 
9184 9420 
9181 9423 
9180 9426 
9177 9432 
9174 9433 
9165 9446 
9163 9448 
9153 9451 
9151 9455 
9143 9459 
9141 9462 
9140 9477 
9123 9484 
9117 9488 
9116 9496 
9111 9500 
9099 9507 
9093 9508 
9088 9511 
9087 9519 
9081 9528 
9070 9530 
9066 9532 
9058 9539 
9057 9541 
9045 9546 
9039 9547 
9034 9548 
9032 9549 
9031 9550 
9030 9551 
9028 9553 
9025 9558 
9023 9563 
9015 9568 
9007 9577 
9004 9584 
9000 9585 
8994 9586 
8990 9588 
8984 9589 
8983 9596 
8978 9600 
8965 9604 
8962 9605 
8952 9610 
8948 9612 
8947 9617 
8944 9618 
8937 9625 
8927 9629 
8925 9637 
8924 9644 
8906 9663 
8892 9667 
8877 9668 
8875 9680 
8868 9684 
8849 9695 
8834 9697 
8831 9703 
8828 9704 
8819 9706 
8818 9712 
8813 9717 
8803 9723 
8793 9724 
8790 9725 
8786 9728 
8785 9733 
8777 9734 
8776 9735 
8775 9738 
8772 9740 
8771 9741 
8762 9752 
8741 9756 
8737 9762 
8722 9768 
8721 9774 
8709 9777 
8704 9783 
8694 9789 
8683 9792 
8680 9796 
8671 9800 
8670 9804 
8661 9806 
8638 9813 
8629 9819 
8620 9820 
8616 9827 
8603 9830 
8585 9831 
8584 9842 
8561 9846 
8553 9850 
8539 9857 
8528 9859 
8522 9865 
8521 9876 
8489 9883 
8479 9887 
8464 9889 
8462 9891 
8460 9897 
8453 9898 
8432 9902 
8423 9903 
8418 9906 
8410 9909 
8393 9914 
8392 9919 
8375 9926 
8368 9927 
8363 9928 
8349 9936 
8337 9938 
8336 9941 
8331 9943 
8301 9946 
8292 9953 
8275 9957 
8267 9960 
8250 9966 
8240 9967 
8233 9968 
8216 9969 
8211 9970 
8210 9973 
8200 9974 
8196 9976 
8193 9978 
8176 9979 
8171 9986 
8164 9988 
8153 9990 
8146 9993 
8132 9997 
8101 10002 
8097 10003 
8080 10006 
8077 10008 
8061 10010 
8053 10016 
8021 10018 
8012 10022 
7997 10023 
7972 10025 
7964 10026 
7951 10030 
7949 10033 
7936 10036 
7923 10037 
7915 10041 
7907 10042 
7906 10044 
7885 10045 
7874 10048 
7869 10050 
7858 10052 
7857 10054 
7832 10055 
7809 10058 
7797 10059 
7769 10062 
7764 10068 
7727 10073 
7664 10077 
7646 10079 
7632 10081 
7614 10082 
7599 10084 
7595 10086 
7568 10088 
7558 10090 
7554 10093 
7494 10094 
7437 10095 
7428 10102 
7283 10103 
Length of the list   = 399
9893 7570 
9892 7682 
9891 7715 
9888 7756 
9887 7803 
9886 7854 
9882 7869 
9881 7887 
9880 7922 
9879 7993 
9873 8002 
9869 8024 
9868 8027 
9865 8064 
9864 8070 
9861 8084 
9857 8090 
9855 8111 
9851 8137 
9844 8156 
9842 8163 
9840 8167 
9838 8179 
9836 8206 
9831 8219 
9828 8222 
9827 8230 
9825 8236 
9823 8251 
9818 8255 
9817 8268 
9815 8280 
9813 8290 
9810 8292 
9809 8324 
9801 8344 
9796 8353 
9793 8363 
9790 8374 
9789 8387 
9788 8390 
9785 8404 
9783 8407 
9779 8428 
9777 8430 
9775 8445 
9769 8452 
9767 8457 
9766 8469 
9764 8477 
9761 8483 
9759 8491 
9754 8525 
9747 8529 
9745 8541 
9739 8544 
9738 8551 
9734 8558 
9733 8586 
9727 8595 
9723 8599 
9722 8601 
9720 8606 
9719 8612 
9717 8613 
9716 8617 
9713 8625 
9712 8631 
9710 8638 
9707 8640 
9705 8644 
9702 8658 
9700 8666 
9697 8679 
9692 8691 
9687 8692 
9685 8706 
9679 8733 
9673 8735 
9670 8743 
9669 8746 
9668 8747 
9662 8764 
9659 8769 
9653 8775 
9650 8789 
9648 8791 
9645 8792 
9640 8796 
9639 8798 
9634 8802 
9633 8810 
9632 8820 
9631 8822 
9627 8832 
9622 8833 
9619 8834 
9617 8845 
9615 8856 
9609 8858 
9607 8863 
9604 8874 
9597 8877 
9596 8888 
9587 8899 
9586 8901 
9584 8902 
9581 8906 
9580 8907 
9577 8912 
9575 8931 
9566 8936 
9565 8944 
9555 8947 
9552 8960 
9550 8965 
9549 8967 
9543 8971 
9540 8978 
9536 8989 
9526 9002 
9519 9008 
9510 9011 
9509 9014 
9502 9036 
9492 9039 
9488 9048 
9484 9053 
9479 9059 
9478 9061 
9477 9064 
9474 9065 
9470 9067 
9466 9074 
9465 9076 
9463 9086 
9462 9090 
9459 9092 
9458 9094 
9450 9101 
9449 9105 
9448 9107 
9445 9115 
9440 9116 
9439 9118 
9438 9119 
9437 9126 
9433 9134 
9428 9142 
9422 9146 
9418 9147 
9416 9153 
9412 9159 
9411 9163 
9405 9171 
9402 9176 
9397 9182 
9393 9190 
9386 9191 
9384 9193 
9383 9194 
9382 9197 
9378 9202 
9375 9205 
9374 9206 
9372 9220 
9365 9228 
9353 9235 
9351 9236 
9349 9240 
9348 9246 
9346 9247 
9338 9252 
9337 9258 
9330 9276 
9321 9279 
9311 9292 
9299 9299 
9293 9301 
9291 9305 
9289 9311 
9288 9314 
9280 9315 
9278 9318 
9277 9325 
9272 9328 
9269 9335 
9265 9340 
9262 9341 
9260 9343 
9253 9352 
9247 9357 
9241 9367 
9228 9376 
9222 9378 
9221 9385 
9212 9391 
9205 9400 
9200 9403 
9194 9415 
9184 9430 
9177 9432 
9169 9437 
9168 9445 
9158 9447 
9155 9451 
9151 9456 
9146 9458 
9143 9462 
9140 9477 
9122 9478 
9120 9479 
9118 9483 
9117 9488 
9116 9496 
9111 9500 
9099 9507 
9093 9508 
9088 9511 
9087 9519 
9080 9523 
9071 9524 
9070 9530 
9066 9532 
9060 9535 
9058 9539 
9057 9541 
9047 9545 
9045 9546 
9040 9553 
9031 9556 
9029 9564 
9016 9571 
9011 9572 
9009 9576 
9007 9577 
9004 9584 
9000 9585 
8997 9588 
8991 9589 
8986 9594 
8982 9597 
8978 9600 
8971 9602 
8967 9609 
8960 9611 
8957 9617 
8947 9622 
8945 9623 
8942 9629 
8935 9631 
8933 9633 
8927 9635 
8926 9636 
8925 9647 
8911 9652 
8907 9655 
8896 9659 
8888 9670 
8878 9678 
8868 9680 
8866 9681 
8858 9693 
8849 9695 
8841 9697 
8840 9699 
8836 9702 
8829 9704 
8827 9710 
8819 9711 
8818 9712 
8811 9716 
8810 9717 
8805 9719 
8798 9724 
8791 9725 
8789 9726 
8780 9733 
8775 9734 
8774 9735 
8772 9738 
8765 9739 
8762 9752 
8749 9754 
8742 9760 
8730 9764 
8726 9770 
8721 9774 
8714 9776 
8709 9777 
8699 9778 
8697 9782 
8694 9789 
8688 9791 
8683 9792 
8675 9795 
8667 9798 
8659 9803 
8650 9806 
8649 9808 
8647 9810 
8638 9813 
8633 9814 
8629 9819 
8625 9820 
8616 9827 
8603 9830 
8594 9838 
8583 9839 
8569 9840 
8566 9847 
8562 9849 
8553 9850 
8551 9855 
8533 9860 
8527 9862 
8522 9870 
8504 9871 
8499 9875 
8490 9876 
8489 9883 
8479 9887 
8464 9889 
8462 9891 
8460 9897 
8453 9898 
8442 9899 
8433 9903 
8422 9905 
8419 9911 
8392 9919 
8375 9921 
8359 9928 
8348 9931 
8343 9934 
8341 9939 
8336 9941 
8315 9943 
8306 9950 
8292 9953 
8275 9957 
8267 9960 
8250 9966 
8238 9968 
8220 9969 
8210 9973 
8193 9978 
8186 9980 
8177 9981 
8171 9986 
8159 9989 
8153 9990 
8146 9993 
8132 9997 
8118 9999 
8097 10003 
8082 10005 
8081 10007 
8075 10008 
8065 10009 
8055 10012 
8041 10017 
8021 10019 
8012 10022 
7997 10025 
7991 10026 
7986 10028 
7970 10030 
7967 10034 
7926 10040 
7915 10041 
7906 10044 
7885 10045 
7876 10047 
7872 10048 
7871 10049 
7869 10050 
7858 10052 
7857 10054 
7832 10055 
7816 10056 
7805 10057 
7797 10059 
7792 10066 
7764 10068 
7727 10073 
7665 10075 
7664 10077 
7632 10081 
7614 10082 
7599 10084 
7595 10086 
7568 10088 
7558 10090 
7554 10093 
7494 10094 
7437 10095 
7428 10102 
7283 10103 
Length of the list   = 388
9891 7707 
9888 7715 
9887 7798 
9886 7854 
9883 7896 
9880 7922 
9879 7993 
9869 8006 
9868 8027 
9864 8070 
9861 8084 
9857 8085 
9855 8107 
9851 8137 
9844 8156 
9842 8168 
9838 8178 
9836 8206 
9831 8219 
9827 8230 
9825 8236 
9823 8239 
9820 8249 
9817 8250 
9816 8260 
9815 8268 
9812 8269 
9811 8279 
9810 8291 
9808 8298 
9807 8316 
9802 8323 
9801 8344 
9800 8345 
9796 8355 
9794 8361 
9790 8374 
9789 8387 
9787 8394 
9784 8400 
9783 8407 
9778 8413 
9777 8430 
9771 8441 
9769 8442 
9767 8457 
9766 8483 
9759 8491 
9756 8496 
9754 8526 
9745 8552 
9735 8571 
9733 8586 
9727 8595 
9725 8602 
9722 8608 
9719 8612 
9717 8620 
9713 8624 
9712 8628 
9711 8629 
9707 8640 
9703 8651 
9697 8653 
9696 8655 
9695 8679 
9692 8691 
9685 8698 
9681 8704 
9679 8733 
9670 8743 
9669 8746 
9668 8747 
9662 8749 
9660 8760 
9659 8769 
9653 8775 
9652 8776 
9648 8791 
9645 8792 
9640 8797 
9639 8798 
9637 8802 
9632 8820 
9629 8821 
9622 8833 
9619 8834 
9617 8842 
9614 8856 
9607 8874 
9598 8885 
9591 8892 
9588 8899 
9587 8901 
9581 8916 
9575 8931 
9565 8941 
9559 8943 
9557 8948 
9552 8952 
9550 8957 
9548 8965 
9546 8984 
9533 8992 
9532 8995 
9531 8996 
9525 8997 
9522 9007 
9516 9016 
9515 9025 
9505 9038 
9498 9042 
9493 9045 
9492 9047 
9491 9049 
9490 9052 
9485 9057 
9484 9058 
9482 9060 
9481 9063 
9479 9066 
9478 9068 
9477 9072 
9475 9078 
9472 9079 
9470 9080 
9464 9094 
9458 9098 
9452 9103 
9451 9105 
9449 9106 
9444 9110 
9443 9127 
9435 9134 
9428 9142 
9422 9146 
9419 9149 
9416 9151 
9414 9158 
9411 9160 
9409 9162 
9404 9164 
9403 9165 
9402 9174 
9397 9182 
9393 9190 
9386 9191 
9384 9193 
9383 9194 
9382 9197 
9377 9202 
9375 9205 
9374 9206 
9371 9208 
9368 9211 
9367 9212 
9365 9228 
9355 9237 
9351 9238 
9348 9246 
9346 9247 
9342 9248 
9341 9250 
9340 9251 
9337 9258 
9335 9259 
9332 9261 
9330 9276 
9321 9279 
9314 9286 
9311 9292 
9303 9297 
9301 9301 
9299 9303 
9294 9306 
9291 9308 
9289 9319 
9285 9320 
9280 9323 
9279 9325 
9273 9328 
9271 9338 
9266 9341 
9262 9344 
9255 9356 
9247 9357 
9246 9359 
9238 9374 
9229 9386 
9221 9387 
9217 9389 
9213 9391 
9212 9392 
9208 9397 
9201 9403 
9198 9410 
9191 9414 
9185 9419 
9179 9420 
9173 9424 
9172 9426 
9170 9428 
9169 9437 
9165 9440 
9162 9443 
9158 9447 
9157 9450 
9153 9451 
9151 9456 
9145 9459 
9143 9460 
9141 9462 
9136 9463 
9133 9473 
9128 9476 
9123 9481 
9117 9488 
9116 9496 
9101 9499 
9099 9507 
9093 9508 
9088 9511 
9087 9519 
9082 9521 
9075 9523 
9070 9530 
9066 9532 
9064 9540 
9057 9542 
9053 9544 
9043 9548 
9041 9555 
9037 9556 
9032 9559 
9026 9561 
9025 9567 
9015 9576 
9007 9580 
9003 9581 
9002 9583 
8997 9595 
8986 9599 
8978 9603 
8970 9606 
8968 9618 
8949 9624 
8937 9630 
8933 9631 
8930 9639 
8928 9640 
8918 9641 
8917 9647 
8908 9653 
8907 9655 
8906 9663 
8888 9670 
8878 9678 
8862 9681 
8858 9693 
8849 9695 
8842 9698 
8840 9699 
8835 9700 
8831 9702 
8829 9706 
8822 9710 
8818 9712 
8813 9717 
8800 9718 
8799 9719 
8796 9720 
8793 9723 
8786 9726 
8784 9731 
8780 9742 
8762 9752 
8744 9756 
8735 9760 
8724 9768 
8721 9774 
8714 9776 
8698 9777 
8697 9780 
8690 9785 
8688 9791 
8683 9792 
8680 9796 
8671 9800 
8670 9804 
8651 9806 
8649 9807 
8637 9812 
8630 9813 
8629 9819 
8625 9820 
8616 9827 
8603 9830 
8590 9833 
8585 9835 
8577 9839 
8572 9842 
8566 9847 
8556 9850 
8542 9861 
8539 9862 
8526 9864 
8525 9865 
8521 9876 
8501 9883 
8479 9887 
8468 9889 
8463 9892 
8460 9897 
8453 9898 
8442 9899 
8433 9903 
8424 9904 
8422 9905 
8419 9911 
8406 9919 
8380 9922 
8375 9926 
8363 9928 
8345 9929 
8344 9934 
8341 9939 
8336 9941 
8318 9944 
8301 9946 
8300 9948 
8295 9955 
8275 9957 
8259 9962 
8250 9966 
8238 9968 
8216 9969 
8210 9973 
8204 9974 
8193 9978 
8186 9980 
8171 9986 
8157 9989 
8153 9990 
8140 9993 
8132 9997 
8104 9999 
8097 10003 
8081 10006 
8075 10008 
8062 10013 
8053 10016 
8041 10017 
8021 10019 
8012 10022 
7997 10025 
7991 10026 
7986 10028 
7980 10031 
7967 10034 
7923 10037 
7918 10038 
7915 10041 
7906 10044 
7885 10045 
7870 10046 
7869 10050 
7857 10054 
7832 10055 
7809 10058 
7797 10059 
7792 10066 
7764 10068 
7727 10073 
7691 10075 
7664 10077 
7640 10079 
7632 10081 
7619 10083 
7599 10084 
7595 10086 
7568 10088 
7558 10090 
7554 10093 
7494 10094 
7437 10095 
7431 10096 
7428 10102 
7283 10103 
