Length of the list   = 1416
20094 16315 
20093 16375 
20092 16402 
20091 16494 
20089 16515 
20088 16518 
20087 16531 
20086 16576 
20085 16588 
20084 16618 
20082 16626 
20081 16646 
20080 16649 
20079 16690 
20076 16717 
20074 16723 
20073 16751 
20070 16788 
20066 16801 
20065 16806 
20064 16815 
20063 16841 
20061 16849 
20060 16854 
20059 16868 
20057 16875 
20056 16884 
20055 16895 
20054 16903 
20053 16910 
20052 16918 
20050 16927 
20048 16951 
20047 16962 
20045 16964 
20044 16970 
20043 16973 
20042 16993 
20039 17000 
20038 17019 
20035 17026 
20034 17035 
20032 17046 
20030 17052 
20029 17063 
20027 17066 
20026 17076 
20024 17086 
20023 17090 
20022 17105 
20019 17108 
20018 17113 
20017 17118 
20016 17122 
20015 17128 
20014 17135 
20013 17141 
20012 17143 
20011 17150 
20009 17159 
20008 17163 
20007 17171 
20005 17176 
20004 17182 
20003 17185 
20002 17191 
20000 17202 
19999 17205 
19998 17206 
19997 17215 
19995 17225 
19994 17226 
19993 17232 
19992 17239 
19991 17242 
19990 17247 
19988 17256 
19987 17262 
19986 17267 
19985 17274 
19983 17276 
19982 17283 
19980 17290 
19979 17297 
19977 17300 
19976 17308 
19974 17312 
19973 17318 
19971 17320 
19970 17325 
19969 17331 
19968 17346 
19965 17354 
19962 17359 
19961 17366 
19959 17379 
19954 17385 
19953 17388 
19952 17395 
19951 17407 
19946 17416 
19944 17418 
19943 17421 
19942 17427 
19941 17431 
19940 17434 
19939 17438 
19937 17456 
19934 17459 
19932 17460 
19931 17467 
19930 17469 
19929 17470 
19928 17476 
19927 17481 
19925 17483 
19924 17492 
19922 17496 
19921 17498 
19920 17499 
19919 17502 
19918 17506 
19917 17510 
19916 17515 
19915 17516 
19914 17525 
19911 17528 
19910 17534 
19909 17540 
19907 17544 
19906 17545 
19905 17554 
19904 17555 
19903 17559 
19902 17560 
19901 17563 
19899 17572 
19896 17582 
19895 17584 
19894 17587 
19892 17592 
19890 17597 
19889 17600 
19887 17604 
19886 17607 
19885 17614 
19883 17617 
19882 17620 
19881 17625 
19879 17630 
19877 17632 
19876 17640 
19874 17642 
19872 17648 
19871 17650 
19870 17654 
19869 17658 
19867 17663 
19866 17664 
19865 17669 
19864 17671 
19863 17674 
19862 17684 
19860 17686 
19859 17691 
19858 17695 
19856 17698 
19855 17707 
19852 17708 
19851 17710 
19850 17715 
19849 17716 
19848 17723 
19846 17725 
19845 17726 
19844 17730 
19843 17731 
19842 17734 
19841 17741 
19840 17744 
19839 17745 
19837 17751 
19836 17752 
19835 17757 
19834 17758 
19833 17759 
19832 17762 
19831 17771 
19829 17777 
19827 17779 
19826 17780 
19825 17784 
19824 17786 
19822 17794 
19821 17795 
19820 17802 
19818 17803 
19817 17812 
19815 17814 
19814 17816 
19813 17817 
19811 17828 
19809 17830 
19807 17842 
19804 17845 
19802 17849 
19800 17852 
19799 17856 
19797 17857 
19796 17863 
19795 17866 
19794 17870 
19793 17872 
19791 17875 
19790 17877 
19789 17885 
19786 17887 
19785 17895 
19782 17897 
19781 17899 
19780 17903 
19778 17905 
19777 17915 
19774 17920 
19772 17923 
19771 17931 
19768 17934 
19766 17936 
19765 17940 
19764 17941 
19763 17944 
19762 17946 
19761 17952 
19760 17957 
19756 17963 
19755 17967 
19752 17970 
19751 17974 
19748 17980 
19747 17981 
19746 17983 
19745 17985 
19743 17990 
19742 17993 
19741 17994 
19740 18001 
19738 18003 
19737 18004 
19736 18005 
19735 18009 
19734 18011 
19733 18016 
19731 18017 
19730 18026 
19726 18029 
19725 18030 
19724 18032 
19723 18033 
19722 18035 
19721 18038 
19720 18042 
19719 18045 
19718 18046 
19717 18052 
19716 18054 
19715 18059 
19711 18062 
19710 18064 
19709 18066 
19707 18070 
19706 18074 
19704 18080 
19701 18084 
19700 18086 
19699 18088 
19698 18092 
19697 18095 
19695 18097 
19694 18100 
19693 18103 
19692 18107 
19689 18109 
19688 18113 
19687 18115 
19686 18119 
19685 18120 
19684 18123 
19683 18124 
19682 18125 
19681 18127 
19680 18129 
19679 18130 
19678 18134 
19677 18135 
19676 18137 
19675 18142 
19674 18148 
19671 18152 
19668 18153 
19667 18155 
19666 18156 
19665 18163 
19663 18164 
19662 18165 
19661 18169 
19660 18170 
19659 18172 
19658 18175 
19657 18177 
19656 18179 
19655 18182 
19653 18187 
19651 18193 
19650 18194 
19647 18200 
19645 18202 
19644 18208 
19642 18209 
19641 18215 
19639 18216 
19638 18218 
19637 18220 
19636 18226 
19633 18228 
19631 18229 
19630 18233 
19629 18237 
19627 18238 
19626 18246 
19622 18250 
19621 18251 
19620 18252 
19618 18253 
19617 18256 
19616 18263 
19614 18265 
19612 18267 
19611 18273 
19610 18274 
19607 18277 
19606 18282 
19605 18286 
19602 18290 
19600 18293 
19599 18296 
19597 18299 
19594 18302 
19593 18306 
19591 18308 
19589 18314 
19586 18315 
19585 18321 
19584 18322 
19582 18323 
19581 18332 
19578 18333 
19577 18339 
19573 18341 
19571 18346 
19570 18353 
19566 18354 
19565 18355 
19564 18358 
19563 18360 
19562 18362 
19560 18366 
19559 18369 
19558 18371 
19557 18373 
19554 18379 
19551 18381 
19549 18383 
19548 18386 
19547 18388 
19546 18389 
19545 18399 
19540 18400 
19539 18404 
19538 18406 
19537 18408 
19535 18410 
19534 18416 
19530 18417 
19529 18422 
19528 18425 
19526 18431 
19525 18434 
19522 18439 
19519 18440 
19518 18443 
19517 18446 
19513 18450 
19510 18451 
19509 18454 
19508 18457 
19507 18460 
19506 18465 
19504 18466 
19502 18470 
19500 18472 
19499 18476 
19498 18477 
19496 18478 
19494 18484 
19492 18488 
19489 18498 
19483 18500 
19480 18505 
19478 18509 
19476 18510 
19475 18511 
19474 18513 
19473 18517 
19470 18519 
19469 18520 
19468 18522 
19467 18527 
19466 18530 
19465 18533 
19463 18536 
19460 18538 
19458 18540 
19457 18542 
19456 18546 
19453 18551 
19452 18553 
19449 18555 
19446 18563 
19442 18567 
19440 18568 
19439 18569 
19438 18571 
19436 18574 
19434 18578 
19433 18579 
19432 18583 
19429 18585 
19428 18590 
19424 18591 
19423 18596 
19422 18597 
19420 18599 
19418 18604 
19417 18607 
19416 18608 
19413 18609 
19412 18614 
19410 18615 
19408 18617 
19407 18618 
19406 18622 
19403 18626 
19401 18629 
19397 18634 
19396 18638 
19392 18640 
19390 18643 
19389 18645 
19387 18646 
19386 18651 
19383 18656 
19381 18658 
19379 18668 
19372 18669 
19370 18672 
19368 18679 
19363 18682 
19361 18683 
19360 18685 
19359 18692 
19353 18700 
19352 18702 
19348 18706 
19344 18708 
19342 18713 
19341 18716 
19337 18723 
19334 18725 
19331 18727 
19329 18733 
19324 18734 
19323 18736 
19321 18740 
19320 18742 
19318 18743 
19317 18744 
19316 18745 
19314 18751 
19310 18754 
19308 18755 
19307 18758 
19306 18760 
19304 18762 
19303 18763 
19301 18764 
19300 18769 
19298 18772 
19297 18776 
19292 18778 
19290 18785 
19286 18787 
19283 18797 
19277 18799 
19274 18802 
19271 18806 
19270 18809 
19268 18810 
19267 18812 
19263 18816 
19261 18818 
19259 18821 
19257 18824 
19256 18825 
19254 18829 
19252 18830 
19250 18834 
19246 18838 
19243 18840 
19242 18843 
19241 18845 
19239 18846 
19237 18850 
19234 18855 
19231 18856 
19230 18857 
19229 18859 
19228 18860 
19227 18863 
19226 18864 
19225 18865 
19223 18868 
19222 18870 
19219 18872 
19216 18874 
19214 18878 
19213 18880 
19212 18881 
19211 18883 
19208 18886 
19206 18887 
19205 18890 
19203 18891 
19202 18893 
19201 18894 
19199 18897 
19197 18898 
19196 18899 
19195 18904 
19191 18907 
19189 18910 
19186 18914 
19184 18916 
19182 18919 
19181 18921 
19177 18922 
19175 18924 
19174 18930 
19170 18931 
19169 18936 
19166 18946 
19158 18948 
19157 18951 
19154 18952 
19153 18954 
19150 18957 
19148 18958 
19147 18963 
19144 18967 
19140 18970 
19137 18974 
19134 18975 
19133 18976 
19132 18978 
19131 18979 
19129 18981 
19128 18984 
19126 18985 
19125 18986 
19122 18989 
19121 18990 
19120 18991 
19119 18995 
19116 18999 
19114 19002 
19111 19004 
19108 19005 
19107 19006 
19106 19010 
19104 19011 
19103 19015 
19100 19017 
19098 19019 
19097 19021 
19094 19023 
19091 19025 
19090 19026 
19088 19027 
19087 19028 
19086 19031 
19085 19033 
19084 19035 
19082 19036 
19081 19037 
19080 19038 
19078 19040 
19077 19041 
19076 19043 
19073 19044 
19072 19049 
19069 19053 
19066 19054 
19064 19064 
19061 19065 
19058 19066 
19055 19068 
19054 19071 
19049 19072 
19048 19074 
19047 19075 
19046 19077 
19045 19080 
19042 19083 
19040 19084 
19037 19086 
19035 19089 
19034 19090 
19033 19091 
19032 19095 
19029 19096 
19028 19097 
19027 19098 
19026 19099 
19024 19101 
19023 19102 
19022 19104 
19021 19106 
19019 19107 
19018 19109 
19016 19110 
19014 19113 
19013 19115 
19011 19116 
19010 19117 
19009 19122 
19004 19124 
19003 19126 
18999 19129 
18998 19130 
18997 19131 
18996 19132 
18993 19133 
18992 19142 
18989 19143 
18985 19144 
18982 19146 
18981 19149 
18979 19153 
18975 19155 
18973 19156 
18971 19164 
18966 19165 
18965 19166 
18964 19167 
18962 19170 
18961 19171 
18959 19177 
18954 19178 
18953 19179 
18951 19182 
18950 19185 
18945 19186 
18944 19188 
18943 19189 
18942 19190 
18940 19191 
18939 19192 
18938 19194 
18937 19201 
18934 19203 
18929 19205 
18928 19208 
18924 19209 
18922 19212 
18920 19215 
18919 19217 
18917 19218 
18913 19222 
18911 19223 
18910 19226 
18908 19229 
18904 19232 
18900 19234 
18899 19235 
18897 19236 
18896 19238 
18895 19240 
18892 19241 
18891 19242 
18890 19245 
18887 19247 
18886 19249 
18883 19250 
18881 19252 
18880 19255 
18877 19256 
18876 19258 
18875 19261 
18874 19262 
18871 19264 
18868 19267 
18866 19269 
18862 19271 
18861 19274 
18860 19279 
18853 19281 
18851 19282 
18850 19283 
18849 19284 
18848 19285 
18847 19288 
18845 19291 
18840 19292 
18839 19294 
18838 19295 
18837 19296 
18836 19298 
18835 19300 
18833 19302 
18830 19303 
18828 19306 
18826 19307 
18825 19308 
18823 19310 
18822 19311 
18821 19312 
18818 19313 
18817 19315 
18816 19316 
18815 19320 
18813 19321 
18812 19323 
18809 19325 
18806 19326 
18804 19327 
18802 19328 
18801 19330 
18798 19333 
18796 19336 
18793 19340 
18789 19343 
18787 19345 
18786 19346 
18785 19349 
18780 19351 
18779 19352 
18777 19353 
18775 19354 
18774 19357 
18772 19358 
18771 19359 
18769 19362 
18766 19367 
18764 19368 
18760 19370 
18758 19371 
18756 19372 
18754 19373 
18753 19374 
18752 19375 
18751 19378 
18749 19380 
18746 19383 
18745 19384 
18744 19388 
18738 19392 
18736 19394 
18733 19397 
18727 19402 
18724 19403 
18721 19404 
18720 19405 
18719 19406 
18718 19408 
18717 19410 
18714 19411 
18713 19412 
18712 19413 
18711 19416 
18707 19420 
18702 19424 
18697 19425 
18695 19428 
18694 19429 
18691 19432 
18690 19434 
18687 19435 
18686 19437 
18685 19441 
18679 19444 
18675 19445 
18673 19450 
18671 19452 
18667 19453 
18665 19454 
18664 19455 
18663 19457 
18661 19459 
18660 19461 
18657 19462 
18656 19466 
18655 19467 
18651 19470 
18646 19471 
18645 19475 
18640 19477 
18638 19484 
18628 19486 
18627 19487 
18626 19489 
18623 19490 
18621 19493 
18617 19495 
18615 19497 
18614 19498 
18613 19500 
18612 19502 
18609 19503 
18607 19505 
18605 19506 
18601 19509 
18600 19513 
18595 19515 
18592 19516 
18590 19518 
18589 19520 
18588 19522 
18586 19523 
18582 19524 
18579 19526 
18578 19527 
18577 19528 
18575 19532 
18571 19534 
18570 19535 
18566 19536 
18564 19539 
18561 19543 
18560 19544 
18558 19545 
18555 19549 
18549 19551 
18547 19554 
18542 19556 
18541 19559 
18538 19563 
18533 19564 
18531 19565 
18530 19568 
18528 19569 
18525 19570 
18522 19573 
18518 19576 
18514 19581 
18508 19583 
18506 19585 
18505 19586 
18503 19589 
18501 19590 
18498 19592 
18495 19593 
18494 19595 
18490 19596 
18489 19598 
18488 19600 
18486 19602 
18484 19603 
18482 19607 
18478 19608 
18474 19611 
18472 19612 
18471 19613 
18465 19618 
18463 19619 
18461 19623 
18457 19624 
18455 19626 
18453 19627 
18448 19631 
18442 19632 
18441 19634 
18439 19636 
18437 19638 
18435 19639 
18431 19640 
18430 19642 
18428 19643 
18427 19644 
18426 19645 
18424 19647 
18422 19648 
18420 19651 
18418 19655 
18412 19657 
18410 19658 
18405 19660 
18403 19662 
18400 19664 
18399 19666 
18396 19667 
18394 19668 
18393 19669 
18392 19671 
18388 19676 
18383 19680 
18377 19681 
18376 19684 
18373 19685 
18368 19686 
18365 19690 
18361 19691 
18360 19692 
18358 19694 
18354 19698 
18349 19699 
18348 19701 
18346 19703 
18344 19707 
18341 19708 
18335 19710 
18333 19711 
18332 19712 
18330 19713 
18329 19715 
18328 19716 
18326 19718 
18324 19719 
18321 19720 
18317 19723 
18313 19725 
18312 19728 
18304 19730 
18303 19731 
18302 19732 
18301 19734 
18300 19736 
18297 19737 
18295 19739 
18292 19741 
18290 19742 
18288 19743 
18286 19744 
18284 19745 
18282 19748 
18280 19749 
18278 19752 
18272 19753 
18270 19758 
18263 19759 
18262 19760 
18260 19761 
18257 19762 
18256 19764 
18255 19765 
18254 19766 
18253 19767 
18250 19769 
18245 19773 
18240 19774 
18239 19775 
18238 19776 
18237 19778 
18232 19779 
18229 19780 
18228 19781 
18227 19783 
18226 19785 
18221 19787 
18217 19788 
18216 19790 
18212 19792 
18210 19793 
18208 19795 
18207 19796 
18205 19797 
18203 19798 
18200 19799 
18198 19801 
18196 19803 
18194 19804 
18190 19807 
18188 19809 
18182 19810 
18181 19814 
18175 19815 
18174 19820 
18168 19821 
18165 19822 
18164 19823 
18160 19824 
18159 19828 
18152 19829 
18150 19831 
18148 19833 
18145 19837 
18138 19839 
18136 19840 
18135 19842 
18128 19844 
18127 19847 
18121 19848 
18118 19851 
18116 19852 
18113 19854 
18112 19856 
18107 19857 
18105 19858 
18103 19859 
18101 19863 
18095 19864 
18093 19865 
18091 19867 
18088 19868 
18086 19869 
18083 19870 
18080 19872 
18079 19873 
18076 19874 
18075 19878 
18067 19882 
18064 19884 
18059 19885 
18057 19888 
18054 19892 
18053 19893 
18044 19896 
18037 19897 
18036 19898 
18035 19899 
18033 19902 
18027 19905 
18024 19906 
18023 19908 
18020 19909 
18014 19910 
18013 19913 
18012 19914 
18010 19915 
18005 19918 
18004 19919 
18001 19921 
17997 19922 
17996 19923 
17995 19924 
17992 19926 
17991 19927 
17985 19930 
17978 19931 
17977 19932 
17976 19933 
17974 19934 
17972 19936 
17968 19937 
17965 19939 
17962 19940 
17961 19942 
17958 19943 
17956 19944 
17954 19945 
17952 19946 
17951 19947 
17948 19949 
17944 19952 
17942 19953 
17939 19955 
17935 19957 
17931 19958 
17928 19961 
17922 19962 
17919 19964 
17915 19967 
17911 19969 
17909 19970 
17906 19972 
17905 19973 
17902 19975 
17899 19976 
17897 19977 
17894 19978 
17890 19979 
17889 19981 
17888 19982 
17887 19983 
17882 19986 
17878 19988 
17873 19989 
17870 19990 
17867 19992 
17864 19994 
17863 19996 
17861 19997 
17858 19998 
17853 19999 
17852 20001 
17849 20002 
17847 20005 
17839 20008 
17837 20009 
17830 20010 
17829 20012 
17827 20015 
17824 20017 
17820 20018 
17816 20019 
17811 20020 
17810 20021 
17809 20023 
17806 20027 
17800 20029 
17793 20030 
17790 20031 
17789 20032 
17788 20033 
17787 20034 
17784 20036 
17778 20038 
17776 20039 
17773 20042 
17769 20043 
17765 20045 
17762 20046 
17756 20048 
17755 20049 
17753 20052 
17747 20053 
17746 20055 
17742 20056 
17738 20057 
17737 20058 
17733 20060 
17730 20062 
17728 20063 
17724 20065 
17723 20066 
17717 20070 
17710 20071 
17705 20072 
17702 20075 
17699 20076 
17695 20080 
17684 20081 
17683 20083 
17681 20084 
17678 20087 
17673 20088 
17671 20091 
17670 20092 
17665 20094 
17662 20095 
17655 20097 
17647 20100 
17646 20101 
17640 20102 
17636 20103 
17635 20105 
17631 20107 
17630 20108 
17623 20109 
17621 20110 
17620 20114 
17612 20115 
17610 20117 
17606 20119 
17599 20120 
17594 20122 
17592 20123 
17589 20127 
17580 20128 
17577 20130 
17573 20131 
17569 20133 
17567 20134 
17566 20135 
17558 20139 
17551 20143 
17540 20144 
17539 20146 
17537 20147 
17536 20149 
17529 20152 
17519 20153 
17515 20156 
17505 20159 
17502 20161 
17493 20162 
17491 20163 
17489 20164 
17485 20167 
17482 20168 
17477 20169 
17470 20170 
17468 20171 
17467 20174 
17459 20177 
17458 20178 
17451 20179 
17445 20181 
17438 20183 
17433 20184 
17431 20189 
17418 20190 
17417 20191 
17414 20192 
17412 20194 
17410 20195 
17402 20198 
17394 20199 
17391 20201 
17384 20203 
17382 20204 
17378 20206 
17372 20207 
17366 20208 
17362 20211 
17352 20213 
17351 20214 
17348 20217 
17342 20218 
17337 20220 
17332 20221 
17323 20223 
17321 20224 
17314 20225 
17313 20227 
17308 20228 
17307 20229 
17303 20230 
17300 20231 
17292 20232 
17291 20234 
17288 20235 
17282 20236 
17278 20237 
17277 20238 
17274 20240 
17270 20243 
17257 20245 
17255 20246 
17249 20248 
17245 20250 
17238 20251 
17232 20252 
17230 20253 
17226 20254 
17222 20256 
17220 20258 
17211 20260 
17206 20261 
17204 20262 
17196 20264 
17195 20265 
17188 20266 
17183 20268 
17180 20270 
17175 20271 
17170 20274 
17164 20275 
17153 20276 
17149 20278 
17146 20279 
17143 20280 
17137 20281 
17136 20282 
17130 20287 
17114 20290 
17110 20291 
17104 20292 
17097 20294 
17092 20295 
17090 20296 
17081 20299 
17075 20300 
17073 20302 
17068 20304 
17059 20305 
17057 20306 
17049 20307 
17043 20308 
17042 20309 
17037 20310 
17036 20311 
17031 20313 
17027 20315 
17013 20316 
17012 20320 
16997 20324 
16984 20325 
16979 20326 
16974 20329 
16971 20330 
16962 20331 
16957 20333 
16956 20335 
16946 20336 
16937 20337 
16933 20338 
16932 20340 
16928 20341 
16924 20342 
16919 20344 
16913 20346 
16897 20347 
16895 20348 
16889 20350 
16884 20352 
16882 20353 
16876 20354 
16870 20355 
16863 20357 
16859 20358 
16856 20360 
16844 20361 
16842 20362 
16838 20364 
16832 20365 
16824 20366 
16820 20367 
16819 20370 
16800 20371 
16796 20372 
16793 20374 
16786 20376 
16785 20378 
16767 20379 
16766 20381 
16754 20383 
16750 20384 
16743 20386 
16735 20387 
16732 20388 
16727 20389 
16718 20390 
16714 20391 
16707 20392 
16706 20393 
16702 20394 
16701 20395 
16688 20397 
16681 20398 
16675 20399 
16672 20403 
16655 20404 
16651 20405 
16642 20406 
16639 20408 
16625 20409 
16620 20410 
16616 20411 
16612 20412 
16610 20414 
16596 20417 
16586 20418 
16575 20419 
16573 20420 
16565 20421 
16562 20422 
16554 20424 
16550 20425 
16540 20427 
16533 20428 
16523 20429 
16512 20430 
16505 20431 
16502 20432 
16495 20433 
16493 20434 
16487 20435 
16484 20436 
16473 20437 
16470 20439 
16451 20440 
16449 20442 
16446 20443 
16428 20445 
16415 20446 
16410 20447 
16404 20448 
16401 20449 
16390 20450 
16382 20452 
16379 20453 
16361 20454 
16348 20456 
16336 20457 
16334 20458 
16325 20459 
16316 20460 
16307 20461 
16295 20462 
16290 20463 
16283 20464 
16282 20466 
16270 20467 
16255 20468 
16240 20470 
16217 20471 
16207 20472 
16198 20473 
16181 20475 
16159 20476 
16133 20480 
16091 20483 
16015 20485 
15996 20486 
15995 20488 
15935 20489 
15801 20490 
