Length of the list   = 3030
30127 22803 
30126 22950 
30125 22954 
30124 23027 
30123 23043 
30122 23060 
30121 23083 
30120 23135 
30118 23142 
30116 23175 
30115 23188 
30113 23217 
30112 23244 
30110 23245 
30109 23254 
30108 23271 
30107 23291 
30105 23293 
30104 23322 
30103 23334 
30101 23344 
30100 23349 
30099 23363 
30098 23375 
30096 23388 
30095 23395 
30094 23410 
30093 23416 
30092 23437 
30090 23448 
30089 23468 
30087 23475 
30086 23482 
30085 23487 
30084 23493 
30083 23513 
30081 23523 
30079 23526 
30078 23541 
30076 23548 
30075 23566 
30073 23572 
30072 23587 
30071 23590 
30070 23591 
30069 23608 
30068 23614 
30067 23622 
30066 23625 
30065 23631 
30064 23638 
30062 23644 
30061 23660 
30060 23674 
30058 23675 
30057 23678 
30056 23686 
30055 23696 
30053 23707 
30051 23723 
30049 23739 
30047 23744 
30045 23754 
30044 23764 
30043 23767 
30042 23768 
30041 23776 
30040 23783 
30039 23796 
30036 23803 
30034 23817 
30033 23818 
30032 23822 
30031 23837 
30029 23841 
30028 23842 
30027 23854 
30026 23866 
30024 23872 
30023 23877 
30022 23880 
30021 23889 
30020 23891 
30019 23901 
30018 23904 
30017 23906 
30016 23916 
30015 23921 
30014 23926 
30013 23932 
30012 23938 
30010 23945 
30009 23953 
30007 23956 
30006 23962 
30005 23970 
30004 23979 
30003 23985 
30001 23995 
30000 24002 
29998 24007 
29997 24012 
29996 24027 
29993 24029 
29992 24045 
29989 24049 
29988 24054 
29987 24056 
29986 24067 
29985 24071 
29984 24073 
29983 24074 
29982 24083 
29981 24087 
29980 24092 
29979 24098 
29978 24102 
29977 24104 
29976 24111 
29975 24115 
29974 24117 
29973 24127 
29972 24128 
29971 24141 
29968 24145 
29967 24151 
29966 24157 
29965 24159 
29964 24167 
29963 24174 
29962 24184 
29960 24185 
29959 24189 
29958 24192 
29957 24197 
29956 24202 
29955 24203 
29954 24212 
29953 24218 
29952 24221 
29950 24230 
29949 24232 
29948 24242 
29946 24247 
29944 24257 
29943 24261 
29942 24266 
29940 24267 
29939 24277 
29938 24279 
29937 24287 
29936 24291 
29934 24298 
29933 24303 
29931 24312 
29930 24313 
29929 24323 
29927 24325 
29926 24331 
29925 24341 
29924 24347 
29921 24351 
29920 24358 
29919 24361 
29918 24362 
29917 24366 
29916 24370 
29915 24372 
29914 24379 
29913 24393 
29911 24397 
29910 24399 
29908 24410 
29906 24411 
29905 24416 
29904 24423 
29902 24425 
29901 24439 
29899 24443 
29898 24446 
29897 24448 
29896 24452 
29895 24464 
29892 24468 
29891 24470 
29890 24482 
29889 24483 
29887 24488 
29886 24491 
29885 24494 
29884 24498 
29883 24505 
29882 24513 
29881 24514 
29880 24521 
29879 24523 
29877 24530 
29876 24532 
29875 24544 
29872 24547 
29871 24551 
29870 24554 
29869 24557 
29868 24566 
29867 24567 
29866 24572 
29865 24573 
29864 24582 
29862 24587 
29860 24588 
29859 24595 
29858 24603 
29855 24610 
29854 24612 
29853 24618 
29852 24619 
29851 24623 
29850 24632 
29849 24637 
29846 24642 
29845 24645 
29844 24647 
29843 24658 
29841 24662 
29839 24673 
29838 24677 
29835 24678 
29834 24689 
29831 24699 
29830 24702 
29828 24713 
29826 24714 
29825 24719 
29824 24720 
29822 24726 
29821 24730 
29820 24735 
29818 24743 
29816 24744 
29815 24749 
29814 24755 
29813 24758 
29812 24759 
29811 24763 
29810 24764 
29809 24770 
29808 24772 
29807 24774 
29806 24777 
29805 24780 
29804 24782 
29803 24790 
29801 24793 
29800 24799 
29799 24806 
29797 24809 
29796 24812 
29795 24815 
29794 24816 
29793 24820 
29792 24824 
29791 24826 
29790 24831 
29789 24836 
29787 24840 
29786 24842 
29785 24843 
29784 24849 
29783 24854 
29782 24862 
29781 24864 
29778 24866 
29777 24871 
29776 24872 
29775 24875 
29774 24884 
29771 24887 
29770 24895 
29768 24897 
29767 24903 
29766 24908 
29765 24914 
29763 24915 
29762 24919 
29760 24921 
29759 24925 
29758 24929 
29757 24938 
29754 24945 
29751 24950 
29750 24951 
29749 24957 
29747 24962 
29746 24964 
29745 24971 
29744 24972 
29743 24975 
29742 24978 
29741 24980 
29740 24981 
29739 24988 
29736 24994 
29735 24996 
29734 24999 
29733 25004 
29732 25007 
29731 25009 
29730 25011 
29729 25020 
29726 25022 
29725 25026 
29724 25029 
29723 25034 
29722 25035 
29721 25037 
29720 25038 
29719 25044 
29718 25046 
29717 25049 
29716 25053 
29715 25059 
29713 25062 
29711 25066 
29710 25070 
29709 25072 
29708 25076 
29706 25082 
29705 25084 
29704 25085 
29703 25087 
29702 25092 
29701 25095 
29700 25096 
29699 25099 
29698 25105 
29696 25107 
29695 25112 
29694 25116 
29692 25118 
29691 25120 
29690 25124 
29689 25128 
29688 25132 
29687 25135 
29685 25141 
29683 25144 
29682 25146 
29681 25149 
29680 25154 
29679 25155 
29678 25156 
29677 25161 
29676 25164 
29675 25167 
29674 25171 
29673 25175 
29672 25176 
29670 25178 
29669 25181 
29668 25185 
29667 25186 
29666 25193 
29665 25194 
29664 25199 
29662 25202 
29661 25203 
29660 25208 
29658 25217 
29657 25218 
29656 25220 
29654 25225 
29653 25227 
29652 25228 
29651 25234 
29649 25238 
29648 25239 
29647 25243 
29646 25244 
29645 25246 
29644 25250 
29643 25254 
29642 25256 
29641 25257 
29640 25258 
29639 25262 
29638 25265 
29637 25271 
29636 25272 
29635 25275 
29633 25278 
29632 25284 
29631 25285 
29630 25287 
29629 25288 
29628 25293 
29627 25294 
29626 25300 
29625 25303 
29624 25304 
29623 25309 
29621 25311 
29620 25313 
29619 25318 
29618 25320 
29617 25323 
29616 25324 
29615 25326 
29614 25328 
29613 25333 
29611 25335 
29610 25339 
29609 25343 
29608 25346 
29606 25349 
29605 25352 
29604 25355 
29603 25360 
29602 25361 
29601 25363 
29600 25369 
29599 25371 
29597 25374 
29596 25375 
29595 25379 
29594 25387 
29592 25389 
29591 25391 
29589 25395 
29588 25398 
29587 25401 
29586 25403 
29585 25407 
29583 25413 
29581 25415 
29580 25417 
29579 25420 
29578 25428 
29577 25429 
29575 25432 
29574 25433 
29573 25436 
29572 25440 
29571 25441 
29570 25444 
29569 25447 
29568 25448 
29567 25451 
29566 25456 
29565 25457 
29564 25459 
29563 25462 
29562 25468 
29561 25469 
29560 25471 
29559 25473 
29558 25479 
29556 25482 
29555 25484 
29554 25488 
29552 25491 
29551 25493 
29550 25496 
29549 25497 
29548 25500 
29547 25503 
29546 25506 
29545 25510 
29544 25514 
29542 25516 
29541 25518 
29540 25524 
29538 25526 
29537 25528 
29536 25536 
29533 25538 
29532 25543 
29531 25545 
29530 25547 
29529 25549 
29527 25556 
29525 25559 
29524 25561 
29523 25566 
29521 25568 
29520 25572 
29519 25574 
29518 25577 
29517 25578 
29516 25583 
29515 25587 
29513 25589 
29512 25590 
29511 25596 
29510 25598 
29509 25601 
29508 25603 
29507 25604 
29506 25606 
29505 25612 
29502 25619 
29501 25621 
29499 25623 
29498 25628 
29497 25631 
29495 25634 
29494 25639 
29492 25643 
29491 25645 
29490 25648 
29488 25654 
29486 25655 
29485 25659 
29484 25662 
29483 25665 
29482 25667 
29481 25668 
29480 25672 
29479 25677 
29478 25678 
29476 25682 
29475 25686 
29474 25687 
29473 25690 
29472 25692 
29471 25693 
29470 25700 
29468 25701 
29467 25706 
29465 25710 
29464 25713 
29463 25715 
29462 25717 
29461 25719 
29460 25720 
29459 25723 
29458 25725 
29457 25727 
29456 25732 
29455 25735 
29453 25736 
29452 25739 
29451 25743 
29450 25745 
29449 25748 
29448 25749 
29447 25751 
29446 25754 
29445 25761 
29442 25766 
29441 25767 
29440 25768 
29439 25773 
29437 25775 
29436 25778 
29435 25781 
29434 25782 
29433 25785 
29432 25788 
29431 25791 
29429 25797 
29428 25798 
29427 25804 
29425 25810 
29422 25812 
29420 25819 
29419 25825 
29416 25828 
29414 25832 
29412 25835 
29411 25839 
29410 25840 
29409 25841 
29408 25843 
29407 25845 
29406 25849 
29405 25853 
29403 25856 
29402 25859 
29401 25863 
29399 25867 
29398 25869 
29396 25871 
29395 25874 
29394 25878 
29392 25881 
29391 25882 
29390 25886 
29389 25888 
29388 25894 
29386 25895 
29385 25898 
29384 25900 
29382 25903 
29381 25905 
29380 25909 
29379 25910 
29377 25915 
29376 25916 
29375 25920 
29373 25922 
29372 25923 
29371 25927 
29370 25932 
29368 25933 
29367 25934 
29366 25937 
29365 25940 
29364 25942 
29363 25945 
29362 25947 
29361 25951 
29359 25956 
29357 25960 
29355 25961 
29354 25964 
29353 25965 
29352 25968 
29351 25969 
29350 25970 
29349 25975 
29348 25976 
29347 25977 
29346 25982 
29344 25987 
29342 25988 
29341 25990 
29340 25994 
29339 25996 
29338 25997 
29337 25999 
29336 26003 
29334 26006 
29333 26009 
29332 26011 
29331 26012 
29330 26014 
29329 26015 
29328 26018 
29327 26020 
29326 26022 
29325 26024 
29324 26026 
29323 26027 
29322 26033 
29321 26034 
29320 26039 
29317 26042 
29315 26045 
29314 26047 
29313 26052 
29310 26055 
29309 26058 
29308 26060 
29306 26062 
29305 26064 
29304 26070 
29302 26072 
29301 26074 
29299 26078 
29298 26079 
29297 26088 
29294 26090 
29291 26098 
29289 26099 
29288 26102 
29287 26105 
29284 26109 
29282 26116 
29280 26117 
29279 26119 
29278 26125 
29274 26128 
29273 26130 
29272 26131 
29271 26133 
29270 26137 
29268 26142 
29266 26143 
29265 26145 
29264 26147 
29263 26151 
29262 26154 
29261 26155 
29260 26157 
29259 26159 
29258 26161 
29257 26162 
29256 26165 
29254 26167 
29253 26170 
29252 26171 
29251 26174 
29250 26177 
29248 26180 
29247 26183 
29246 26185 
29243 26191 
29241 26192 
29240 26196 
29238 26198 
29237 26200 
29235 26208 
29233 26209 
29232 26211 
29231 26212 
29230 26214 
29229 26217 
29227 26220 
29226 26223 
29224 26227 
29222 26229 
29221 26233 
29220 26234 
29219 26237 
29217 26239 
29216 26243 
29215 26245 
29214 26247 
29212 26249 
29210 26256 
29208 26259 
29205 26260 
29204 26265 
29201 26269 
29200 26273 
29198 26275 
29197 26277 
29195 26280 
29194 26287 
29192 26288 
29191 26290 
29189 26291 
29188 26294 
29187 26296 
29186 26298 
29185 26299 
29183 26301 
29182 26304 
29181 26306 
29180 26308 
29179 26311 
29177 26314 
29176 26316 
29175 26318 
29174 26319 
29173 26320 
29172 26322 
29171 26323 
29170 26327 
29169 26328 
29168 26332 
29167 26333 
29166 26335 
29165 26337 
29164 26339 
29162 26340 
29161 26344 
29159 26348 
29158 26349 
29157 26355 
29153 26357 
29152 26360 
29151 26361 
29150 26363 
29149 26365 
29148 26366 
29147 26370 
29145 26372 
29144 26373 
29143 26375 
29142 26376 
29141 26380 
29140 26385 
29139 26386 
29137 26388 
29136 26389 
29135 26390 
29134 26393 
29133 26396 
29131 26398 
29130 26401 
29129 26404 
29127 26409 
29125 26411 
29123 26414 
29121 26417 
29120 26418 
29119 26421 
29116 26425 
29114 26430 
29112 26431 
29111 26434 
29110 26436 
29109 26438 
29107 26441 
29105 26445 
29103 26447 
29102 26449 
29101 26450 
29100 26453 
29099 26458 
29098 26459 
29097 26461 
29094 26464 
29093 26465 
29092 26466 
29091 26468 
29090 26471 
29089 26473 
29088 26474 
29087 26477 
29086 26479 
29085 26485 
29081 26487 
29079 26490 
29078 26491 
29077 26494 
29075 26496 
29074 26498 
29073 26501 
29071 26502 
29070 26505 
29069 26506 
29068 26509 
29067 26515 
29064 26516 
29062 26522 
29060 26524 
29058 26525 
29057 26529 
29055 26531 
29054 26533 
29053 26534 
29052 26536 
29051 26540 
29050 26541 
29048 26543 
29047 26544 
29046 26547 
29045 26551 
29043 26552 
29042 26558 
29039 26562 
29036 26564 
29035 26565 
29034 26567 
29033 26569 
29032 26570 
29031 26572 
29030 26574 
29029 26575 
29028 26576 
29027 26578 
29026 26580 
29025 26581 
29024 26586 
29023 26588 
29022 26589 
29019 26594 
29017 26598 
29016 26599 
29015 26604 
29011 26605 
29010 26607 
29009 26609 
29008 26611 
29007 26612 
29006 26613 
29005 26614 
29004 26618 
29002 26623 
29001 26624 
28999 26625 
28998 26628 
28997 26629 
28996 26630 
28995 26636 
28993 26639 
28992 26640 
28991 26641 
28989 26646 
28987 26650 
28986 26652 
28984 26653 
28983 26654 
28982 26657 
28980 26659 
28977 26664 
28975 26665 
28974 26667 
28972 26671 
28971 26672 
28970 26673 
28969 26677 
28966 26683 
28963 26690 
28960 26692 
28958 26693 
28957 26695 
28956 26698 
28954 26701 
28952 26703 
28951 26706 
28950 26708 
28948 26709 
28947 26714 
28944 26715 
28943 26719 
28942 26721 
28940 26722 
28939 26723 
28938 26727 
28936 26730 
28934 26735 
28932 26736 
28930 26738 
28929 26742 
28928 26745 
28925 26748 
28923 26753 
28921 26754 
28920 26755 
28919 26757 
28918 26758 
28916 26762 
28915 26763 
28913 26768 
28912 26769 
28910 26770 
28909 26777 
28906 26779 
28904 26780 
28902 26782 
28901 26787 
28899 26790 
28897 26791 
28895 26793 
28894 26799 
28891 26801 
28890 26802 
28889 26804 
28887 26807 
28886 26808 
28884 26812 
28882 26814 
28881 26815 
28880 26817 
28879 26818 
28878 26821 
28876 26823 
28875 26824 
28874 26825 
28873 26826 
28872 26830 
28871 26832 
28870 26833 
28869 26837 
28866 26841 
28865 26843 
28862 26846 
28861 26847 
28860 26848 
28859 26850 
28858 26851 
28857 26853 
28856 26854 
28855 26855 
28854 26859 
28853 26861 
28852 26862 
28851 26863 
28850 26870 
28846 26871 
28845 26873 
28844 26875 
28841 26877 
28840 26880 
28838 26883 
28836 26886 
28835 26888 
28834 26889 
28832 26893 
28831 26895 
28828 26901 
28825 26902 
28824 26906 
28821 26909 
28820 26913 
28819 26914 
28818 26916 
28815 26920 
28812 26924 
28809 26928 
28808 26929 
28807 26930 
28805 26932 
28804 26933 
28803 26935 
28802 26937 
28801 26939 
28800 26941 
28798 26943 
28797 26948 
28794 26950 
28792 26953 
28791 26954 
28789 26956 
28788 26958 
28787 26959 
28786 26964 
28785 26965 
28784 26966 
28781 26969 
28780 26970 
28779 26971 
28778 26974 
28776 26977 
28775 26978 
28774 26984 
28769 26986 
28768 26988 
28766 26990 
28765 26993 
28764 26994 
28763 26995 
28762 26996 
28761 26999 
28760 27000 
28759 27002 
28756 27008 
28755 27011 
28751 27012 
28750 27019 
28746 27020 
28744 27024 
28741 27027 
28740 27028 
28739 27030 
28738 27033 
28736 27034 
28735 27039 
28733 27041 
28731 27042 
28730 27046 
28727 27047 
28726 27049 
28724 27050 
28723 27053 
28722 27055 
28721 27059 
28717 27060 
28716 27063 
28715 27065 
28713 27066 
28712 27067 
28711 27068 
28710 27069 
28709 27070 
28708 27079 
28704 27080 
28703 27083 
28701 27085 
28698 27087 
28696 27093 
28694 27095 
28691 27096 
28690 27098 
28689 27099 
28688 27102 
28686 27104 
28684 27105 
28683 27107 
28682 27108 
28681 27109 
28680 27111 
28679 27113 
28678 27115 
28676 27120 
28674 27121 
28673 27124 
28669 27126 
28668 27128 
28667 27130 
28665 27132 
28664 27134 
28661 27137 
28660 27139 
28659 27141 
28657 27143 
28656 27144 
28654 27148 
28651 27150 
28650 27151 
28649 27154 
28647 27156 
28646 27158 
28645 27160 
28644 27161 
28642 27163 
28640 27164 
28639 27167 
28636 27170 
28634 27173 
28633 27176 
28631 27179 
28630 27180 
28628 27182 
28626 27186 
28622 27187 
28621 27188 
28620 27189 
28619 27195 
28616 27196 
28614 27197 
28613 27200 
28611 27205 
28608 27206 
28607 27207 
28606 27208 
28604 27212 
28603 27213 
28601 27214 
28600 27216 
28599 27217 
28598 27218 
28597 27222 
28594 27223 
28593 27226 
28592 27228 
28589 27231 
28588 27233 
28585 27234 
28583 27238 
28582 27239 
28581 27244 
28577 27245 
28576 27246 
28575 27247 
28574 27248 
28573 27251 
28571 27255 
28569 27256 
28568 27257 
28567 27259 
28565 27261 
28564 27263 
28561 27266 
28560 27267 
28559 27269 
28557 27271 
28555 27273 
28554 27275 
28553 27277 
28551 27280 
28548 27281 
28547 27283 
28546 27285 
28545 27288 
28542 27289 
28541 27290 
28540 27292 
28539 27293 
28538 27294 
28537 27295 
28535 27300 
28532 27302 
28530 27305 
28529 27307 
28526 27309 
28525 27311 
28523 27312 
28522 27316 
28519 27318 
28518 27319 
28517 27320 
28515 27323 
28514 27324 
28513 27325 
28512 27326 
28511 27328 
28510 27332 
28508 27333 
28507 27334 
28505 27336 
28504 27337 
28503 27339 
28502 27340 
28501 27341 
28499 27345 
28496 27346 
28495 27347 
28494 27348 
28493 27351 
28492 27354 
28488 27356 
28487 27358 
28486 27359 
28484 27361 
28483 27362 
28482 27364 
28479 27368 
28478 27370 
28476 27371 
28475 27373 
28474 27374 
28473 27376 
28472 27377 
28470 27379 
28469 27381 
28467 27382 
28465 27383 
28464 27385 
28463 27386 
28462 27388 
28461 27389 
28460 27390 
28459 27392 
28457 27394 
28456 27395 
28455 27397 
28454 27400 
28451 27401 
28450 27403 
28449 27405 
28447 27406 
28446 27408 
28444 27410 
28443 27413 
28439 27415 
28438 27416 
28437 27418 
28436 27419 
28435 27423 
28432 27424 
28431 27425 
28430 27426 
28429 27428 
28427 27429 
28426 27430 
28425 27433 
28422 27436 
28421 27437 
28420 27438 
28419 27439 
28418 27441 
28416 27443 
28414 27444 
28413 27446 
28412 27447 
28411 27449 
28409 27451 
28408 27452 
28407 27453 
28406 27454 
28405 27457 
28403 27458 
28402 27459 
28401 27460 
28400 27462 
28398 27463 
28397 27465 
28396 27467 
28395 27469 
28393 27471 
28392 27473 
28390 27474 
28389 27475 
28387 27479 
28386 27481 
28384 27482 
28382 27483 
28381 27484 
28380 27485 
28378 27487 
28377 27488 
28375 27491 
28374 27492 
28373 27493 
28372 27494 
28371 27497 
28369 27498 
28368 27500 
28367 27502 
28365 27503 
28364 27504 
28363 27506 
28360 27508 
28359 27511 
28357 27513 
28356 27514 
28355 27515 
28353 27517 
28352 27518 
28351 27519 
28350 27521 
28348 27524 
28347 27526 
28344 27529 
28343 27530 
28341 27531 
28339 27534 
28338 27536 
28335 27538 
28333 27541 
28330 27543 
28329 27544 
28328 27545 
28327 27547 
28325 27549 
28324 27551 
28322 27553 
28321 27554 
28319 27557 
28317 27559 
28316 27561 
28315 27564 
28311 27567 
28309 27568 
28308 27570 
28306 27572 
28305 27574 
28303 27575 
28302 27576 
28301 27577 
28300 27579 
28299 27581 
28297 27582 
28296 27583 
28295 27585 
28293 27587 
28291 27588 
28290 27590 
28288 27592 
28287 27594 
28286 27595 
28284 27596 
28283 27598 
28282 27599 
28281 27600 
28280 27602 
28278 27603 
28277 27606 
28275 27607 
28273 27610 
28272 27612 
28269 27613 
28268 27615 
28267 27616 
28266 27617 
28265 27618 
28264 27619 
28263 27620 
28262 27622 
28261 27624 
28259 27625 
28258 27626 
28257 27627 
28256 27628 
28255 27630 
28254 27632 
28252 27634 
28250 27635 
28249 27636 
28248 27638 
28246 27639 
28245 27641 
28244 27643 
28243 27644 
28242 27645 
28240 27647 
28239 27650 
28236 27651 
28235 27653 
28233 27654 
28232 27655 
28231 27658 
28228 27659 
28227 27662 
28226 27663 
28224 27664 
28223 27666 
28222 27667 
28221 27668 
28220 27670 
28219 27671 
28217 27672 
28216 27675 
28214 27677 
28212 27678 
28211 27680 
28209 27682 
28208 27683 
28207 27684 
28206 27686 
28204 27687 
28203 27689 
28202 27690 
28201 27691 
28200 27694 
28198 27695 
28197 27697 
28194 27699 
28193 27700 
28192 27701 
28190 27703 
28189 27704 
28188 27705 
28187 27706 
28185 27709 
28184 27710 
28182 27711 
28181 27713 
28180 27715 
28178 27716 
28177 27718 
28176 27720 
28174 27722 
28172 27724 
28170 27726 
28169 27728 
28167 27729 
28166 27731 
28164 27732 
28163 27734 
28162 27736 
28159 27737 
28158 27738 
28157 27742 
28154 27746 
28150 27748 
28149 27749 
28148 27750 
28146 27753 
28144 27755 
28142 27756 
28141 27758 
28139 27759 
28138 27760 
28137 27763 
28135 27765 
28133 27766 
28131 27768 
28130 27769 
28129 27770 
28128 27772 
28127 27773 
28126 27774 
28125 27775 
28124 27777 
28122 27778 
28121 27780 
28119 27781 
28118 27784 
28116 27786 
28113 27788 
28112 27789 
28111 27791 
28110 27792 
28108 27793 
28107 27795 
28106 27796 
28105 27799 
28103 27800 
28101 27802 
28099 27803 
28098 27805 
28097 27806 
28096 27807 
28094 27809 
28093 27812 
28090 27813 
28089 27814 
28088 27816 
28087 27817 
28086 27818 
28085 27820 
28083 27821 
28082 27822 
28081 27824 
28079 27825 
28078 27826 
28077 27829 
28074 27831 
28073 27834 
28069 27836 
28067 27837 
28066 27840 
28064 27842 
28063 27843 
28061 27846 
28058 27848 
28057 27850 
28054 27852 
28053 27854 
28051 27856 
28050 27857 
28049 27859 
28046 27861 
28045 27862 
28044 27863 
28043 27864 
28041 27867 
28040 27868 
28039 27871 
28035 27873 
28034 27874 
28033 27875 
28032 27876 
28030 27877 
28029 27879 
28028 27882 
28026 27883 
28025 27884 
28024 27885 
28023 27886 
28021 27887 
28020 27889 
28018 27890 
28017 27891 
28016 27892 
28015 27893 
28014 27896 
28012 27898 
28010 27900 
28009 27901 
28007 27902 
28006 27904 
28005 27906 
28003 27907 
28002 27909 
28000 27910 
27999 27912 
27996 27914 
27995 27916 
27994 27917 
27993 27918 
27991 27919 
27990 27920 
27989 27921 
27988 27923 
27987 27924 
27986 27925 
27984 27926 
27983 27927 
27982 27929 
27981 27931 
27979 27933 
27976 27935 
27974 27936 
27973 27938 
27972 27939 
27971 27942 
27969 27943 
27967 27944 
27966 27945 
27964 27948 
27963 27949 
27961 27951 
27960 27952 
27959 27955 
27957 27956 
27955 27959 
27952 27960 
27951 27963 
27948 27964 
27947 27965 
27946 27967 
27945 27969 
27943 27971 
27941 27973 
27940 27974 
27938 27975 
27937 27976 
27936 27978 
27935 27980 
27933 27981 
27931 27982 
27930 27983 
27928 27985 
27927 27987 
27926 27988 
27925 27989 
27923 27990 
27922 27991 
27921 27992 
27920 27994 
27918 27997 
27915 27999 
27914 28000 
27913 28001 
27911 28002 
27910 28004 
27909 28005 
27908 28007 
27907 28008 
27905 28009 
27904 28011 
27902 28014 
27900 28015 
27898 28016 
27896 28019 
27894 28020 
27893 28021 
27892 28025 
27888 28026 
27887 28027 
27886 28029 
27884 28030 
27883 28033 
27881 28034 
27880 28035 
27879 28036 
27877 28037 
27876 28038 
27875 28039 
27874 28041 
27873 28042 
27872 28043 
27869 28045 
27868 28048 
27866 28049 
27864 28052 
27862 28053 
27860 28055 
27858 28056 
27857 28057 
27856 28058 
27855 28059 
27854 28062 
27851 28064 
27850 28065 
27848 28067 
27847 28069 
27845 28071 
27842 28073 
27841 28074 
27840 28077 
27836 28078 
27835 28081 
27833 28083 
27831 28084 
27830 28085 
27829 28086 
27827 28088 
27825 28089 
27824 28092 
27822 28094 
27819 28095 
27818 28097 
27817 28098 
27815 28099 
27814 28104 
27811 28105 
27809 28106 
27807 28107 
27806 28109 
27805 28110 
27803 28112 
27802 28114 
27800 28115 
27797 28117 
27796 28118 
27795 28120 
27793 28121 
27792 28122 
27790 28124 
27789 28126 
27787 28127 
27786 28128 
27784 28132 
27780 28133 
27778 28136 
27777 28138 
27774 28140 
27773 28141 
27771 28145 
27768 28146 
27766 28147 
27765 28148 
27764 28149 
27763 28150 
27762 28151 
27761 28152 
27760 28153 
27759 28154 
27757 28156 
27755 28159 
27752 28160 
27751 28162 
27750 28163 
27748 28164 
27747 28165 
27745 28167 
27744 28168 
27743 28170 
27741 28171 
27739 28173 
27738 28174 
27736 28176 
27735 28177 
27733 28180 
27730 28182 
27728 28183 
27727 28185 
27726 28186 
27724 28187 
27723 28189 
27721 28190 
27719 28191 
27718 28192 
27717 28196 
27713 28197 
27712 28199 
27710 28200 
27709 28201 
27708 28203 
27706 28205 
27704 28207 
27703 28208 
27701 28209 
27700 28211 
27698 28212 
27697 28213 
27696 28214 
27695 28216 
27694 28217 
27692 28218 
27691 28219 
27689 28220 
27688 28222 
27686 28223 
27684 28225 
27682 28227 
27679 28229 
27678 28231 
27676 28233 
27674 28235 
27672 28236 
27671 28237 
27670 28238 
27669 28239 
27667 28242 
27666 28243 
27663 28246 
27660 28248 
27658 28249 
27656 28252 
27653 28253 
27652 28255 
27650 28256 
27649 28257 
27648 28260 
27645 28261 
27644 28262 
27643 28263 
27642 28264 
27641 28265 
27640 28266 
27638 28268 
27637 28269 
27635 28271 
27634 28272 
27632 28274 
27629 28275 
27628 28277 
27626 28278 
27625 28280 
27623 28281 
27622 28282 
27621 28283 
27620 28284 
27619 28286 
27616 28289 
27615 28290 
27612 28292 
27610 28293 
27608 28295 
27607 28296 
27605 28297 
27604 28300 
27601 28303 
27598 28304 
27597 28306 
27594 28309 
27591 28311 
27589 28312 
27588 28313 
27587 28314 
27586 28315 
27585 28316 
27583 28319 
27580 28321 
27578 28322 
27577 28324 
27575 28325 
27573 28326 
27572 28327 
27571 28328 
27570 28330 
27567 28332 
27565 28333 
27564 28334 
27563 28336 
27562 28338 
27559 28339 
27558 28340 
27557 28341 
27555 28342 
27554 28343 
27553 28344 
27551 28346 
27550 28347 
27548 28349 
27546 28351 
27543 28353 
27542 28355 
27540 28356 
27539 28357 
27537 28359 
27536 28360 
27534 28362 
27532 28363 
27531 28365 
27528 28367 
27526 28370 
27525 28372 
27522 28373 
27519 28374 
27518 28375 
27517 28376 
27516 28377 
27515 28378 
27514 28379 
27512 28380 
27511 28381 
27510 28383 
27508 28384 
27506 28385 
27505 28387 
27504 28389 
27503 28390 
27501 28391 
27500 28393 
27499 28394 
27496 28395 
27495 28396 
27492 28399 
27489 28401 
27488 28402 
27486 28405 
27484 28406 
27482 28408 
27480 28409 
27479 28410 
27478 28411 
27477 28412 
27474 28414 
27473 28415 
27472 28416 
27470 28417 
27469 28418 
27468 28419 
27467 28420 
27465 28422 
27463 28424 
27461 28425 
27460 28426 
27459 28427 
27457 28429 
27456 28430 
27455 28431 
27454 28432 
27453 28433 
27452 28434 
27449 28436 
27448 28437 
27446 28438 
27445 28439 
27443 28441 
27441 28443 
27439 28444 
27438 28445 
27437 28446 
27435 28448 
27433 28449 
27432 28450 
27431 28451 
27430 28453 
27429 28454 
27426 28455 
27425 28456 
27424 28457 
27423 28458 
27422 28459 
27421 28460 
27420 28462 
27418 28463 
27416 28465 
27414 28466 
27413 28467 
27412 28469 
27409 28471 
27408 28472 
27405 28474 
27404 28475 
27402 28476 
27401 28478 
27400 28479 
27397 28481 
27395 28483 
27393 28484 
27391 28486 
27389 28487 
27388 28488 
27387 28489 
27386 28490 
27385 28491 
27382 28493 
27381 28495 
27380 28497 
27376 28499 
27375 28500 
27372 28502 
27370 28504 
27368 28505 
27367 28506 
27366 28507 
27365 28509 
27363 28510 
27361 28512 
27360 28513 
27358 28514 
27357 28515 
27355 28516 
27354 28517 
27353 28518 
27351 28520 
27350 28521 
27348 28522 
27347 28523 
27346 28524 
27345 28525 
27344 28526 
27342 28527 
27341 28528 
27339 28530 
27338 28531 
27336 28532 
27335 28535 
27331 28537 
27329 28538 
27328 28540 
27326 28541 
27324 28542 
27323 28544 
27321 28545 
27320 28547 
27319 28548 
27317 28549 
27315 28550 
27313 28553 
27310 28554 
27309 28556 
27307 28557 
27306 28558 
27305 28559 
27303 28560 
27302 28562 
27300 28563 
27298 28565 
27295 28566 
27294 28567 
27293 28569 
27291 28570 
27289 28572 
27288 28573 
27286 28574 
27285 28577 
27283 28578 
27280 28580 
27278 28582 
27277 28583 
27276 28584 
27273 28585 
27272 28587 
27270 28588 
27268 28589 
27266 28591 
27265 28592 
27263 28593 
27262 28594 
27261 28595 
27260 28596 
27259 28597 
27258 28599 
27257 28600 
27255 28601 
27252 28603 
27251 28605 
27248 28607 
27246 28608 
27244 28609 
27243 28610 
27242 28611 
27241 28612 
27240 28613 
27238 28616 
27235 28617 
27234 28618 
27233 28619 
27231 28620 
27230 28622 
27228 28623 
27226 28624 
27224 28626 
27223 28627 
27222 28628 
27220 28630 
27217 28631 
27216 28632 
27215 28633 
27214 28634 
27213 28635 
27212 28636 
27210 28638 
27209 28639 
27207 28640 
27206 28641 
27204 28642 
27203 28644 
27200 28646 
27199 28647 
27197 28648 
27195 28651 
27192 28652 
27191 28653 
27190 28654 
27188 28656 
27187 28657 
27185 28658 
27184 28659 
27182 28660 
27181 28662 
27179 28663 
27178 28664 
27176 28665 
27175 28666 
27173 28668 
27171 28670 
27168 28672 
27166 28674 
27165 28675 
27163 28676 
27162 28677 
27160 28678 
27159 28680 
27156 28681 
27155 28682 
27154 28683 
27152 28685 
27150 28686 
27149 28687 
27147 28689 
27146 28691 
27144 28692 
27141 28693 
27140 28697 
27136 28699 
27133 28700 
27131 28702 
27129 28703 
27128 28704 
27126 28706 
27124 28707 
27123 28708 
27122 28709 
27120 28711 
27118 28712 
27116 28713 
27115 28714 
27114 28716 
27113 28717 
27111 28718 
27109 28721 
27107 28722 
27106 28723 
27104 28724 
27101 28725 
27100 28726 
27099 28727 
27098 28728 
27097 28729 
27096 28730 
27095 28731 
27094 28732 
27092 28733 
27091 28734 
27089 28735 
27088 28736 
27087 28737 
27086 28738 
27085 28740 
27083 28741 
27081 28742 
27080 28744 
27078 28745 
27076 28747 
27074 28748 
27073 28749 
27072 28750 
27070 28751 
27068 28753 
27066 28756 
27063 28757 
27060 28759 
27058 28760 
27057 28761 
27055 28763 
27053 28764 
27052 28765 
27051 28766 
27050 28767 
27048 28768 
27047 28769 
27045 28771 
27044 28772 
27041 28773 
27039 28774 
27038 28778 
27035 28779 
27033 28780 
27031 28782 
27029 28783 
27028 28785 
27025 28786 
27023 28789 
27020 28790 
27019 28791 
27017 28792 
27016 28793 
27015 28795 
27012 28797 
27010 28799 
27007 28800 
27006 28801 
27004 28802 
27003 28803 
27002 28805 
27000 28806 
26998 28807 
26996 28808 
26995 28811 
26992 28812 
26990 28813 
26989 28814 
26987 28816 
26985 28817 
26984 28818 
26983 28819 
26981 28821 
26979 28822 
26978 28823 
26976 28826 
26973 28828 
26969 28831 
26966 28832 
26964 28834 
26963 28835 
26960 28836 
26958 28837 
26957 28839 
26954 28841 
26953 28842 
26952 28843 
26951 28845 
26947 28847 
26945 28849 
26942 28851 
26940 28852 
26939 28853 
26937 28854 
26936 28856 
26933 28858 
26930 28861 
26926 28863 
26923 28866 
26920 28867 
26917 28869 
26916 28871 
26913 28872 
26910 28874 
26909 28876 
26907 28877 
26905 28880 
26900 28882 
26898 28885 
26894 28886 
26891 28888 
26890 28889 
26888 28891 
26886 28895 
26880 28896 
26878 28897 
26877 28899 
26875 28900 
26872 28901 
26871 28902 
26870 28903 
26868 28904 
26867 28905 
26866 28906 
26865 28908 
26863 28909 
26862 28910 
26861 28911 
26858 28912 
26857 28914 
26854 28915 
26851 28916 
26850 28917 
26849 28918 
26848 28919 
26845 28921 
26844 28923 
26840 28924 
26839 28926 
26838 28927 
26837 28929 
26833 28931 
26829 28933 
26828 28935 
26824 28937 
26821 28938 
26820 28940 
26819 28941 
26817 28942 
26815 28943 
26813 28945 
26808 28946 
26806 28947 
26805 28948 
26804 28951 
26803 28955 
26795 28956 
26791 28957 
26790 28959 
26789 28960 
26788 28961 
26787 28962 
26786 28964 
26782 28965 
26781 28966 
26777 28968 
26775 28970 
26773 28971 
26772 28972 
26770 28973 
26769 28974 
26768 28975 
26765 28976 
26763 28977 
26761 28978 
26760 28980 
26758 28981 
26755 28983 
26754 28986 
26748 28988 
26747 28989 
26744 28990 
26742 28992 
26741 28994 
26737 28995 
26735 28997 
26732 28998 
26729 29002 
26724 29004 
26723 29005 
26720 29007 
26717 29008 
26716 29011 
26712 29013 
26710 29014 
26706 29015 
26704 29017 
26703 29018 
26701 29019 
26698 29020 
26697 29021 
26694 29024 
26691 29025 
26689 29027 
26686 29028 
26685 29029 
26684 29030 
26683 29031 
26681 29032 
26679 29033 
26676 29037 
26670 29040 
26667 29041 
26666 29042 
26662 29043 
26660 29045 
26658 29046 
26656 29048 
26653 29049 
26650 29050 
26649 29051 
26648 29053 
26644 29054 
26642 29056 
26640 29058 
26638 29060 
26635 29061 
26631 29063 
26628 29065 
26626 29066 
26623 29068 
26621 29069 
26620 29070 
26618 29071 
26617 29074 
26612 29075 
26610 29076 
26607 29078 
26604 29080 
26601 29081 
26599 29083 
26597 29085 
26594 29086 
26591 29088 
26590 29089 
26585 29093 
26582 29094 
26581 29095 
26577 29096 
26574 29097 
26573 29101 
26569 29103 
26563 29105 
26561 29107 
26558 29108 
26556 29110 
26552 29113 
26550 29114 
26545 29115 
26544 29116 
26542 29117 
26541 29118 
26539 29120 
26537 29121 
26534 29122 
26532 29123 
26531 29124 
26529 29126 
26527 29128 
26522 29129 
26521 29130 
26520 29132 
26518 29133 
26513 29135 
26510 29136 
26508 29137 
26506 29139 
26503 29140 
26502 29141 
26500 29142 
26499 29143 
26497 29144 
26496 29145 
26493 29147 
26490 29148 
26489 29150 
26486 29151 
26483 29154 
26479 29155 
26476 29157 
26475 29158 
26474 29159 
26471 29160 
26469 29161 
26467 29162 
26465 29163 
26463 29165 
26460 29168 
26455 29169 
26453 29171 
26450 29172 
26448 29173 
26447 29175 
26442 29176 
26441 29177 
26438 29179 
26437 29181 
26432 29182 
26430 29184 
26427 29185 
26426 29187 
26423 29188 
26422 29189 
26419 29191 
26417 29192 
26415 29194 
26409 29195 
26408 29196 
26406 29198 
26403 29199 
26402 29201 
26401 29202 
26396 29203 
26395 29204 
26393 29205 
26392 29206 
26386 29207 
26385 29209 
26383 29210 
26382 29211 
26380 29212 
26379 29213 
26376 29214 
26375 29215 
26372 29217 
26369 29218 
26368 29219 
26366 29220 
26365 29221 
26364 29222 
26361 29225 
26356 29226 
26352 29230 
26349 29232 
26343 29233 
26341 29234 
26339 29235 
26338 29236 
26336 29237 
26334 29238 
26333 29239 
26329 29242 
26325 29243 
26323 29245 
26320 29246 
26319 29247 
26317 29249 
26312 29251 
26310 29253 
26305 29254 
26304 29256 
26302 29257 
26297 29260 
26293 29262 
26289 29263 
26287 29264 
26286 29265 
26284 29266 
26280 29267 
26279 29268 
26278 29269 
26277 29270 
26275 29272 
26273 29273 
26269 29275 
26264 29276 
26263 29277 
26261 29278 
26260 29279 
26257 29280 
26256 29281 
26254 29284 
26250 29285 
26248 29286 
26244 29287 
26243 29288 
26242 29289 
26239 29290 
26236 29291 
26235 29292 
26233 29293 
26232 29294 
26231 29295 
26230 29297 
26226 29298 
26222 29299 
26221 29300 
26219 29303 
26213 29305 
26211 29306 
26207 29308 
26206 29309 
26202 29310 
26200 29311 
26199 29312 
26198 29313 
26196 29314 
26194 29315 
26192 29317 
26185 29318 
26184 29319 
26183 29320 
26182 29321 
26180 29322 
26176 29327 
26173 29328 
26169 29329 
26163 29331 
26160 29334 
26156 29336 
26150 29339 
26143 29340 
26141 29341 
26139 29343 
26135 29344 
26134 29346 
26128 29347 
26127 29348 
26125 29350 
26123 29351 
26121 29353 
26118 29354 
26116 29355 
26113 29356 
26111 29358 
26106 29360 
26102 29363 
26098 29364 
26095 29366 
26091 29367 
26089 29369 
26084 29370 
26083 29371 
26081 29372 
26078 29374 
26074 29376 
26072 29377 
26071 29379 
26067 29380 
26062 29381 
26060 29382 
26058 29383 
26057 29384 
26056 29387 
26049 29388 
26046 29390 
26042 29392 
26039 29395 
26033 29396 
26030 29397 
26028 29398 
26026 29399 
26023 29401 
26020 29403 
26016 29404 
26015 29405 
26012 29406 
26011 29407 
26006 29408 
26005 29410 
26004 29411 
26000 29412 
25996 29414 
25993 29416 
25988 29417 
25986 29419 
25984 29420 
25983 29421 
25981 29422 
25977 29423 
25974 29424 
25973 29425 
25972 29426 
25967 29427 
25966 29428 
25965 29430 
25964 29431 
25958 29434 
25952 29435 
25949 29437 
25947 29438 
25943 29440 
25940 29441 
25936 29442 
25935 29444 
25931 29445 
25929 29446 
25927 29447 
25923 29448 
25922 29449 
25919 29450 
25918 29453 
25911 29454 
25908 29455 
25906 29456 
25905 29457 
25903 29458 
25902 29459 
25898 29461 
25893 29462 
25892 29463 
25888 29465 
25887 29466 
25882 29467 
25881 29468 
25879 29470 
25875 29471 
25871 29473 
25870 29474 
25866 29475 
25862 29477 
25857 29478 
25856 29479 
25854 29483 
25850 29484 
25847 29485 
25840 29486 
25839 29487 
25836 29488 
25834 29489 
25832 29490 
25830 29492 
25827 29493 
25824 29495 
25818 29497 
25814 29498 
25810 29501 
25807 29502 
25803 29503 
25802 29504 
25798 29506 
25793 29507 
25792 29508 
25790 29509 
25785 29511 
25781 29512 
25780 29513 
25776 29514 
25775 29515 
25772 29517 
25768 29518 
25765 29519 
25763 29520 
25761 29522 
25756 29525 
25749 29526 
25746 29527 
25744 29528 
25742 29529 
25738 29531 
25736 29533 
25732 29534 
25729 29535 
25725 29536 
25724 29539 
25717 29540 
25714 29541 
25711 29542 
25708 29543 
25706 29544 
25704 29547 
25697 29548 
25694 29549 
25691 29550 
25689 29551 
25687 29552 
25684 29553 
25681 29555 
25679 29556 
25676 29558 
25672 29560 
25664 29562 
25662 29563 
25658 29564 
25654 29565 
25652 29567 
25648 29568 
25647 29569 
25646 29570 
25642 29573 
25635 29574 
25632 29576 
25625 29577 
25623 29579 
25621 29580 
25615 29581 
25612 29583 
25607 29586 
25602 29588 
25599 29589 
25592 29591 
25591 29592 
25587 29595 
25580 29596 
25573 29600 
25568 29602 
25558 29603 
25555 29604 
25553 29605 
25550 29606 
25545 29608 
25543 29609 
25539 29610 
25537 29612 
25536 29614 
25525 29616 
25520 29617 
25516 29619 
25514 29624 
25497 29625 
25496 29627 
25492 29628 
25487 29629 
25484 29630 
25482 29631 
25474 29634 
25467 29636 
25466 29637 
25459 29639 
25457 29640 
25454 29641 
25446 29642 
25445 29645 
25433 29646 
25429 29647 
25427 29648 
25424 29649 
25421 29650 
25420 29651 
25418 29653 
25410 29655 
25403 29656 
25400 29658 
25397 29659 
25395 29660 
25386 29661 
25383 29662 
25381 29664 
25374 29665 
25371 29667 
25367 29668 
25366 29670 
25356 29671 
25354 29672 
25350 29674 
25346 29675 
25340 29676 
25338 29678 
25330 29679 
25326 29680 
25325 29681 
25317 29683 
25315 29684 
25309 29685 
25307 29686 
25305 29687 
25299 29689 
25295 29691 
25291 29692 
25283 29693 
25281 29694 
25279 29696 
25268 29697 
25266 29698 
25265 29699 
25260 29700 
25259 29701 
25258 29702 
25249 29703 
25248 29705 
25236 29709 
25224 29711 
25220 29714 
25209 29715 
25208 29717 
25199 29718 
25194 29719 
25190 29721 
25184 29722 
25183 29723 
25179 29726 
25167 29727 
25159 29729 
25153 29730 
25151 29732 
25147 29733 
25142 29735 
25141 29736 
25129 29738 
25127 29739 
25122 29740 
25117 29741 
25116 29742 
25112 29743 
25105 29744 
25102 29745 
25099 29747 
25095 29748 
25088 29750 
25080 29752 
25073 29754 
25069 29755 
25062 29756 
25061 29757 
25054 29758 
25051 29759 
25047 29760 
25044 29761 
25043 29762 
25041 29763 
25040 29764 
25036 29765 
25032 29766 
25021 29767 
25016 29768 
25013 29769 
25010 29771 
25004 29774 
24995 29775 
24990 29776 
24985 29777 
24984 29779 
24977 29780 
24972 29781 
24971 29782 
24968 29783 
24961 29784 
24956 29786 
24949 29787 
24942 29788 
24938 29789 
24933 29790 
24932 29791 
24926 29792 
24925 29793 
24923 29794 
24919 29795 
24914 29796 
24912 29797 
24905 29798 
24899 29799 
24895 29800 
24893 29801 
24888 29802 
24882 29803 
24878 29804 
24875 29806 
24866 29807 
24865 29808 
24862 29810 
24860 29811 
24846 29812 
24839 29813 
24837 29814 
24834 29817 
24819 29818 
24817 29819 
24813 29820 
24808 29821 
24804 29824 
24793 29825 
24789 29826 
24786 29827 
24780 29828 
24777 29829 
24774 29830 
24769 29831 
24759 29832 
24758 29834 
24748 29835 
24743 29836 
24739 29837 
24736 29838 
24728 29841 
24723 29842 
24718 29843 
24710 29844 
24703 29845 
24701 29846 
24698 29847 
24696 29848 
24686 29849 
24683 29850 
24676 29851 
24671 29852 
24664 29853 
24663 29854 
24654 29856 
24646 29857 
24645 29858 
24637 29859 
24636 29860 
24629 29861 
24623 29862 
24622 29863 
24615 29864 
24609 29865 
24606 29867 
24599 29868 
24590 29869 
24586 29870 
24584 29871 
24576 29872 
24572 29873 
24566 29874 
24563 29875 
24557 29876 
24547 29877 
24546 29879 
24535 29880 
24529 29881 
24528 29882 
24522 29883 
24512 29884 
24511 29885 
24504 29886 
24502 29887 
24492 29888 
24489 29889 
24484 29890 
24480 29891 
24479 29892 
24475 29893 
24463 29894 
24455 29895 
24452 29896 
24448 29897 
24443 29898 
24441 29899 
24439 29901 
24420 29902 
24412 29905 
24396 29907 
24391 29909 
24379 29910 
24368 29911 
24364 29913 
24354 29915 
24345 29916 
24331 29918 
24325 29919 
24315 29920 
24314 29921 
24307 29923 
24293 29924 
24287 29926 
24286 29927 
24269 29928 
24260 29929 
24255 29930 
24248 29931 
24239 29933 
24230 29935 
24213 29936 
24208 29937 
24206 29938 
24205 29939 
24193 29940 
24189 29941 
24180 29942 
24177 29943 
24165 29945 
24149 29946 
24144 29947 
24136 29950 
24118 29951 
24115 29952 
24098 29953 
24095 29957 
24063 29959 
24049 29960 
24047 29962 
24026 29963 
24016 29964 
24013 29965 
23998 29966 
23995 29968 
23978 29969 
23968 29970 
23962 29971 
23956 29972 
23946 29973 
23940 29974 
23921 29975 
23917 29977 
23898 29979 
23893 29981 
23862 29982 
23858 29983 
23851 29984 
23842 29985 
23833 29988 
23796 29989 
23794 29990 
23787 29991 
23769 29992 
23752 29993 
23741 29994 
23730 29995 
23722 29997 
23720 29998 
23686 29999 
23669 30000 
23662 30001 
23643 30002 
23634 30003 
23621 30004 
23617 30005 
23600 30006 
23578 30007 
23558 30008 
23554 30009 
23545 30010 
23522 30011 
23498 30012 
23491 30013 
23475 30014 
23458 30015 
23447 30017 
23422 30018 
23389 30019 
23360 30020 
23339 30021 
23318 30023 
23296 30024 
23292 30026 
23227 30028 
23165 30029 
23144 30030 
23126 30031 
23069 30032 
23003 30033 
22955 30034 
