c file generated by rmnkGenerator.R with seed  0 the 03/11/2019 16:36:55 
c version 1.1
c the links are random and identical for every objective functions
p rMNK 0 2 100 4 
p links
0  0  
89  89  
27  27  
37  37  
55  55  
1  1  
90  90  
20  20  
88  88  
91  91  
2  2  
66  66  
62  62  
6  6  
20  20  
3  3  
18  18  
68  68  
38  38  
74  74  
4  4  
50  50  
71  71  
97  97  
37  37  
5  5  
77  77  
92  92  
21  21  
63  63  
6  6  
13  13  
27  27  
38  38  
1  1  
7  7  
38  38  
86  86  
34  34  
47  47  
8  8  
60  60  
49  49  
19  19  
80  80  
9  9  
67  67  
78  78  
11  11  
70  70  
10  10  
41  41  
81  81  
63  63  
76  76  
11  11  
55  55  
52  52  
77  77  
2  2  
12  12  
48  48  
72  72  
68  68  
46  46  
13  13  
86  86  
43  43  
24  24  
6  6  
14  14  
9  9  
31  31  
51  51  
64  64  
15  15  
41  41  
90  90  
29  29  
45  45  
16  16  
33  33  
64  64  
26  26  
46  46  
17  17  
76  76  
8  8  
85  85  
33  33  
18  18  
84  84  
34  34  
33  33  
46  46  
19  19  
89  89  
85  85  
38  38  
75  75  
20  20  
96  96  
43  43  
70  70  
39  39  
21  21  
33  33  
75  75  
19  19  
69  69  
22  22  
12  12  
25  25  
13  13  
24  24  
23  23  
5  5  
63  63  
85  85  
75  75  
24  24  
79  79  
45  45  
40  40  
78  78  
25  25  
60  60  
65  65  
35  35  
26  26  
26  26  
99  99  
63  63  
20  20  
12  12  
27  27  
48  48  
91  91  
59  59  
94  94  
28  28  
73  73  
35  35  
42  42  
14  14  
29  29  
1  1  
71  71  
10  10  
43  43  
30  30  
64  64  
98  98  
49  49  
47  47  
31  31  
17  17  
74  74  
45  45  
50  50  
32  32  
20  20  
22  22  
58  58  
56  56  
33  33  
7  7  
3  3  
63  63  
90  90  
34  34  
60  60  
55  55  
52  52  
95  95  
35  35  
51  51  
67  67  
59  59  
22  22  
36  36  
25  25  
72  72  
44  44  
16  16  
37  37  
74  74  
10  10  
84  84  
60  60  
38  38  
56  56  
32  32  
44  44  
49  49  
39  39  
17  17  
52  52  
7  7  
26  26  
40  40  
21  21  
27  27  
87  87  
43  43  
41  41  
78  78  
87  87  
40  40  
6  6  
42  42  
33  33  
71  71  
32  32  
61  61  
43  43  
84  84  
99  99  
37  37  
36  36  
44  44  
89  89  
64  64  
72  72  
59  59  
45  45  
90  90  
28  28  
18  18  
86  86  
46  46  
50  50  
86  86  
18  18  
73  73  
47  47  
72  72  
93  93  
54  54  
69  69  
48  48  
38  38  
9  9  
90  90  
27  27  
49  49  
59  59  
10  10  
82  82  
30  30  
50  50  
78  78  
26  26  
21  21  
49  49  
51  51  
26  26  
17  17  
50  50  
55  55  
52  52  
12  12  
25  25  
70  70  
93  93  
53  53  
9  9  
75  75  
92  92  
79  79  
54  54  
30  30  
64  64  
93  93  
92  92  
55  55  
33  33  
25  25  
16  16  
30  30  
56  56  
50  50  
91  91  
49  49  
29  29  
57  57  
4  4  
40  40  
83  83  
33  33  
58  58  
13  13  
36  36  
62  62  
37  37  
59  59  
69  69  
68  68  
53  53  
41  41  
60  60  
44  44  
30  30  
56  56  
88  88  
61  61  
14  14  
40  40  
20  20  
41  41  
62  62  
13  13  
45  45  
92  92  
74  74  
63  63  
93  93  
46  46  
58  58  
98  98  
64  64  
10  10  
24  24  
48  48  
35  35  
65  65  
93  93  
51  51  
30  30  
26  26  
66  66  
78  78  
69  69  
16  16  
6  6  
67  67  
75  75  
60  60  
16  16  
5  5  
68  68  
10  10  
37  37  
16  16  
28  28  
69  69  
19  19  
25  25  
17  17  
45  45  
70  70  
77  77  
2  2  
51  51  
85  85  
71  71  
36  36  
4  4  
13  13  
30  30  
72  72  
15  15  
12  12  
21  21  
97  97  
73  73  
13  13  
97  97  
31  31  
48  48  
74  74  
67  67  
9  9  
11  11  
4  4  
75  75  
92  92  
66  66  
9  9  
47  47  
76  76  
45  45  
36  36  
97  97  
16  16  
77  77  
81  81  
6  6  
38  38  
13  13  
78  78  
19  19  
83  83  
69  69  
25  25  
79  79  
49  49  
8  8  
34  34  
94  94  
80  80  
61  61  
65  65  
30  30  
38  38  
81  81  
99  99  
84  84  
93  93  
77  77  
82  82  
77  77  
26  26  
73  73  
95  95  
83  83  
29  29  
39  39  
78  78  
7  7  
84  84  
36  36  
43  43  
15  15  
55  55  
85  85  
97  97  
99  99  
17  17  
52  52  
86  86  
38  38  
66  66  
26  26  
45  45  
87  87  
17  17  
36  36  
70  70  
46  46  
88  88  
6  6  
76  76  
40  40  
95  95  
89  89  
28  28  
83  83  
7  7  
85  85  
90  90  
46  46  
10  10  
32  32  
80  80  
91  91  
27  27  
57  57  
81  81  
6  6  
92  92  
69  69  
68  68  
45  45  
41  41  
93  93  
55  55  
90  90  
22  22  
21  21  
94  94  
41  41  
32  32  
83  83  
17  17  
95  95  
48  48  
42  42  
54  54  
62  62  
96  96  
97  97  
22  22  
23  23  
76  76  
97  97  
82  82  
11  11  
93  93  
14  14  
98  98  
14  14  
90  90  
49  49  
99  99  
99  99  
34  34  
64  64  
30  30  
33  33  
p tables
0.5497254  0.1478457  
0.715124  0.18507  
0.2566626  0.8978485  
0.1365919  0.7236908  
0.6651479  0.7810175  
0.2541948  0.9403087  
0.4459707  0.3574058  
0.2192602  0.792909  
0.1022554  0.475825  
0.3831965  0.3080524  
0.5501253  0.8227933  
0.1672476  0.5147327  
0.1668895  0.1431666  
0.7816251  0.4057636  
0.7151796  0.9325719  
0.1786434  0.8794333  
0.3215456  0.07246063  
0.7536259  0.5378649  
0.1829021  0.8016877  
0.256802  0.05214902  
0.07592935  0.9205178  
0.5189584  0.2939918  
0.9637095  0.6097489  
0.3431295  0.4230986  
0.1241668  0.9425053  
0.776216  0.07003269  
0.8592213  0.4425101  
0.1563466  0.1411851  
0.6601263  0.6578281  
0.4426898  0.9871018  
0.6809616  0.06494992  
0.9191774  0.4753979  
0.05442905  0.4414591  
0.4184273  0.9384137  
0.2638735  0.1630855  
0.1237978  0.6902567  
0.2842579  0.9551467  
0.2702726  0.3971479  
0.9242559  0.2401163  
0.2703322  0.4359764  
0.01752602  0.6919277  
0.4264676  0.1554012  
0.7912524  0.9468178  
0.2192582  0.5022508  
0.1084265  0.001836858  
0.09603195  0.1341113  
0.3409862  0.9391367  
0.6098418  0.1643266  
0.3774943  0.4595754  
0.738273  0.5170098  
0.06268199  0.05516429  
0.3046062  0.6882752  
0.1296288  0.6633427  
0.108128  0.9695282  
0.5422481  0.8495521  
0.259507  0.5326012  
0.4664417  0.4671151  
0.6046207  0.727767  
0.991474  0.1874264  
0.7229475  0.5419793  
0.4869264  0.6379087  
0.1397185  0.7089752  
0.947298  0.1283279  
0.8165507  0.9281775  
0.1676723  0.7586968  
0.2080776  0.9939139  
0.3830932  0.02937716  
0.7680361  0.2776581  
0.1219236  0.04321826  
0.8982931  0.3368783  
0.5050535  0.6217733  
0.2178929  0.9556758  
0.8139732  0.3287437  
0.337147  0.1153423  
0.8215074  0.3792767  
0.452217  0.732718  
0.8555719  0.5721703  
0.1886218  0.9063153  
0.7780297  0.3825046  
0.08962457  0.04965359  
0.7226832  0.8293243  
0.6899869  0.1328278  
0.08891023  0.7313716  
0.009028956  0.696197  
0.6099982  0.6441072  
0.2387141  0.9576365  
0.7488143  0.418339  
0.5335405  0.09439027  
0.4916104  0.5253055  
0.04675633  0.4082778  
0.07512201  0.7373055  
0.04363633  0.9489382  
0.1142878  0.03527777  
0.806164  0.415318  
0.8491401  0.5280489  
0.6005429  0.7087401  
0.09277753  0.2429566  
0.7780402  0.6519409  
0.03094551  0.6485509  
0.5277924  0.4950641  
0.6466573  0.4504854  
0.5452567  0.9287772  
0.3862072  0.7498217  
0.07247666  0.9747925  
0.1612824  0.3939491  
0.2870934  0.1066483  
0.1734261  0.3461621  
0.3970943  0.5387943  
0.8887803  0.4057905  
0.2607776  0.3402328  
0.1936555  0.05737268  
0.3149759  0.2126454  
0.660825  0.1364876  
0.2046983  0.6210763  
0.9018003  0.6348758  
0.01358977  0.9381769  
0.745575  0.3708835  
0.7940437  0.8285344  
0.05241306  0.3158784  
0.6671656  0.06490054  
0.7904696  0.6680506  
0.8310503  0.3016933  
0.1241554  0.201983  
0.3325094  0.2246305  
0.8642777  0.862034  
0.8620921  0.9420749  
0.1971736  0.8431201  
0.7094999  0.3923659  
0.7651182  0.09515213  
0.5424222  0.5880664  
0.9779727  0.8672388  
0.9268733  0.7988145  
0.3649972  0.6234357  
0.9522971  0.5879279  
0.4842734  0.1994422  
0.6400124  0.6714083  
0.08444628  0.5222483  
0.7701339  0.5270962  
0.7219165  0.4199733  
0.5666813  0.1234289  
0.4166695  0.2766765  
0.8177344  0.7781813  
0.1961054  0.5155262  
0.4018981  0.505843  
0.4863809  0.4260981  
0.1872429  0.9193318  
0.1318522  0.5073743  
0.8174058  0.5983954  
0.7431192  0.5593103  
0.8627927  0.1677153  
0.2994565  0.4735031  
0.4317905  0.9009393  
0.8728042  0.6765688  
0.573303  0.07324687  
0.317288  0.5308244  
0.7146694  0.7122246  
0.7098671  0.4701286  
0.8809208  0.7830977  
0.7460186  0.431456  
0.2013444  0.1465618  
0.9403801  0.7671372  
0.3287585  0.6035957  
0.7457174  0.7066615  
0.1388539  0.8510762  
0.405873  0.5782843  
0.4119172  0.05159533  
0.3618566  0.5481704  
0.8584923  0.05077117  
0.2315732  0.2976945  
0.6732538  0.8298771  
0.9951598  0.04265712  
0.03913868  0.542336  
0.1387252  0.2713721  
0.1778569  0.3816321  
0.3030454  0.8355179  
0.8941497  0.6758081  
0.3347562  0.9022377  
0.6209397  0.1285647  
0.9058094  0.1922977  
0.8662696  0.2251334  
0.8704269  0.4484275  
0.9490809  0.1582198  
0.02301872  0.2061456  
0.2483996  0.1648912  
0.925485  0.727181  
0.159267  0.7084244  
0.2448693  0.82028  
0.8093278  0.9961111  
0.7336878  0.4284754  
0.6769828  0.7533327  
0.06719431  0.9994554  
0.3990319  0.712465  
0.7461677  0.4724879  
0.06170193  0.1654151  
0.03990695  0.2923314  
0.7127627  0.0456392  
0.7359549  0.05793207  
0.9029764  0.3427435  
0.5125996  0.6252453  
0.7135754  0.5161239  
0.6062418  0.3482647  
0.7951614  0.03443877  
0.148965  0.7451101  
0.02793436  0.6771061  
0.02709285  0.9470205  
0.2228911  0.03171321  
0.8087295  0.3871236  
0.5115967  0.9599686  
0.7077695  0.5463376  
0.7507742  0.9168595  
0.6462204  0.7170908  
0.03939329  0.5542834  
0.4199069  0.8196983  
0.02996033  0.03586513  
0.4601619  0.3669732  
0.5412981  0.7278305  
0.9710142  0.9100609  
0.4393995  0.7785446  
0.5603527  0.5768047  
0.8588812  0.8729749  
0.3012838  0.5055311  
0.005177345  0.1345135  
0.9117609  0.4899626  
0.6597471  0.4349942  
0.7539907  0.644331  
0.6417172  0.3516667  
0.7133906  0.7431065  
0.8635203  0.9803648  
0.2550595  0.036196  
0.7036946  0.7204158  
0.2885893  0.2349158  
0.5239773  0.2646206  
0.811033  0.03466938  
0.4631584  0.3977061  
0.1482397  0.6310488  
0.9501175  0.07676579  
0.02096406  0.9737267  
0.9579603  0.2237677  
0.6616725  0.01134019  
0.4490589  0.4545988  
0.4920959  0.99066  
0.9576231  0.9447914  
0.897279  0.8992775  
0.6078699  0.7849355  
0.3488323  0.6777676  
0.6770965  0.3306681  
0.1320001  0.06580196  
0.2353376  0.01310972  
0.9484904  0.1192643  
0.8114611  0.03731267  
0.2896569  0.1615961  
0.427064  0.7668428  
0.4267683  0.1881633  
0.5406234  0.06197036  
0.07231266  0.1654689  
0.6809669  0.04288589  
0.03430553  0.7892315  
0.327667  0.06657604  
0.3867734  0.4421584  
0.8700357  0.7188601  
0.6337319  0.8852263  
0.006355637  0.9708816  
0.6842099  0.03918472  
0.5819553  0.8223992  
0.9248951  0.2889201  
0.7280667  0.428347  
0.9116746  0.9261132  
0.1481287  0.2718818  
0.1002533  0.7515459  
0.3924372  0.4627303  
0.4842453  0.3120364  
0.8953472  0.9208275  
0.03473625  0.4111554  
0.5683089  0.4158602  
0.760495  0.7569041  
0.2909534  0.8199521  
0.03347257  0.1779061  
0.4022596  0.874283  
0.8352437  0.2624322  
0.606268  0.1876893  
0.02417361  0.009820486  
0.969371  0.4421617  
0.412186  0.6243645  
0.2633052  0.2396372  
0.3138712  0.8929104  
0.8908763  0.7324212  
0.3004836  0.5397894  
0.1407579  0.9646737  
0.5481036  0.06649305  
0.4469501  0.6124232  
0.01068453  0.8011419  
0.04308888  0.1597848  
0.6021988  0.3986457  
0.143079  0.4777282  
0.8224713  0.328158  
0.4222489  0.5277818  
0.3664717  0.4385401  
0.1266569  0.2029124  
0.08036897  0.776834  
0.3538457  0.2821363  
0.0351238  0.2655367  
0.3595378  0.6848609  
0.2110429  0.954988  
0.3480795  0.03910005  
0.1154166  0.5784826  
0.002694092  0.654445  
0.1624916  0.5116576  
0.7397767  0.9947705  
0.8479399  0.8956463  
0.3248517  0.2964848  
0.6483839  0.2659109  
0.9354381  0.8196018  
0.6424832  0.8430806  
0.2258553  0.7640194  
0.4633306  0.2726853  
0.1983555  0.7050753  
0.4455273  0.469379  
0.6973509  0.9678374  
0.1282285  0.1963012  
0.9694704  0.5130181  
0.01759216  0.1526676  
0.7579863  0.1629886  
0.6185838  0.5016364  
0.2770375  0.4077149  
0.9990815  0.3089291  
0.7475969  0.9393948  
0.622932  0.5348617  
0.9819762  0.9063655  
0.3691097  0.1632411  
0.7893863  0.4029872  
0.4239047  0.08016928  
0.7462482  0.9251926  
0.1837474  0.1632076  
0.3827554  0.9297922  
0.3885306  0.1607946  
0.8039382  0.462357  
0.2952695  0.002019231  
0.8158593  0.4025059  
0.7232635  0.505882  
0.7822935  0.02748662  
0.6514294  0.3867447  
0.3626616  0.3644319  
0.7194062  0.03291433  
0.1616897  0.8155642  
0.9188586  0.1125926  
0.7801347  0.413339  
0.3835993  0.7137142  
0.3947864  0.2996406  
0.2969523  0.7716749  
0.5219243  0.551314  
0.6885528  0.9316607  
0.3288899  0.2537671  
0.6328523  0.1228911  
0.2508793  0.640118  
0.992148  0.4227566  
0.6990857  0.3838892  
0.9774235  0.6902787  
0.7485033  0.6861309  
0.5411187  0.5074935  
0.6196278  0.7372123  
0.6165065  0.7747087  
0.6909587  0.7977437  
0.6836968  0.8329182  
0.2385198  0.9021466  
0.2729652  0.4456928  
0.7664374  0.3299183  
0.06626271  0.1098579  
0.1685947  0.4060751  
0.04617821  0.1770001  
0.309077  0.65955  
0.2722918  0.4211843  
0.6349384  0.2886101  
0.4360541  0.1642457  
0.07473187  0.524215  
0.3200958  0.2751771  
0.3704522  0.1040244  
0.3235316  0.07926287  
0.6307123  0.8646178  
0.8730943  0.2491262  
0.5477017  0.2229782  
0.7782494  0.3852394  
0.7547691  0.2825819  
0.9826726  0.3285423  
0.04249176  0.3773035  
0.0655008  0.2732529  
0.6589502  0.1369918  
0.9043941  0.7626047  
0.1125275  0.4566757  
0.5651431  0.07439791  
0.5853455  0.7899141  
0.2661161  0.04094399  
0.07661408  0.3440922  
0.8128354  0.3868332  
0.4978254  0.1740175  
0.5506862  0.6131992  
0.9729259  0.06611049  
0.6211164  0.9356561  
0.8993071  0.6433432  
0.3498986  0.9554216  
0.6119662  0.7402761  
0.5400434  0.04572472  
0.3785346  0.741393  
0.4537055  0.6732099  
0.7157287  0.8476254  
0.481366  0.8588078  
0.6435269  0.676635  
0.1995358  0.7361715  
0.5258877  0.2808001  
0.4541755  0.943425  
0.3561062  0.03886658  
0.08804008  0.03001168  
0.553637  0.09822723  
0.1582662  0.8185018  
0.7588708  0.1339837  
0.09047938  0.3504433  
0.7712144  0.5329688  
0.822085  0.3142346  
0.04311695  0.0185464  
0.1387683  0.8785133  
0.8354175  0.4693811  
0.3809508  0.7020901  
0.6724089  0.5019583  
0.7776047  0.2979757  
0.1049188  0.540702  
0.3425024  0.7925954  
0.2307446  0.06596663  
0.8067573  0.1235994  
0.1019259  0.9034657  
0.1166463  0.182563  
0.1233721  0.5062087  
0.9100706  0.07664518  
0.701954  0.7542672  
0.4529204  0.7238097  
0.8202927  0.3934589  
0.5198287  0.9399169  
0.07978392  0.3047657  
0.6652344  0.3852034  
0.8585351  0.864647  
0.3595488  0.6767627  
0.5722721  0.8028674  
0.5015409  0.9287031  
0.1237664  0.5963317  
0.4563211  0.7419672  
0.4635561  0.260723  
0.3475278  0.6788408  
0.8522831  0.3785845  
0.348273  0.8990259  
0.3455803  0.481013  
0.2102908  0.5120068  
0.9183764  0.4985717  
0.02628231  0.02094695  
0.9565344  0.1603988  
0.5424671  0.9752267  
0.7929544  0.7600703  
0.3744096  0.5158239  
0.1560789  0.4370241  
0.9847333  0.4355515  
0.7422505  0.6696047  
0.9837362  0.7825103  
0.3406954  0.1632457  
0.3369397  0.4437036  
0.1768916  0.1045129  
0.6551559  0.3339494  
0.03298998  0.6945455  
0.109189  0.0739639  
0.3595587  0.8460202  
0.4745958  0.8807107  
0.5546363  0.4959074  
0.6125418  0.6058908  
0.1051544  0.9102067  
0.2513635  0.2797426  
0.7806018  0.174379  
0.8735026  0.1246283  
0.8731245  0.1647346  
0.9009002  0.238414  
0.9998936  0.645021  
0.5925046  0.1727089  
0.7509606  0.3919012  
0.6957637  0.5613798  
0.0701394  0.09875934  
0.1030573  0.9220654  
0.8720754  0.9045341  
0.6999514  0.03553924  
0.7110693  0.3141683  
0.9765942  0.3544954  
0.5483283  0.5671355  
0.5339173  0.1204012  
0.5207788  0.3533853  
0.5584307  0.7832239  
0.5922978  0.839199  
0.370756  0.5906761  
0.2172748  0.6318854  
0.01165816  0.2587409  
0.09162783  0.3288081  
0.7577536  0.8773318  
0.241284  0.5259333  
0.796033  0.2474717  
0.2159826  0.9489064  
0.8605448  0.2793245  
0.9607808  0.8707484  
0.567291  0.7194475  
0.5788689  0.6477649  
0.8820229  0.3779988  
0.3693298  0.8122963  
0.2359187  0.05030902  
0.6328745  0.1614383  
0.4153307  0.4036141  
0.7441216  0.5620059  
0.0447156  0.5406423  
0.9271453  0.3868808  
0.6016483  0.3846866  
0.8310014  0.6806357  
0.5982579  0.2537971  
0.7734007  0.01424861  
0.3057674  0.5015378  
0.7782259  0.8059155  
0.7833384  0.8365121  
0.9268982  0.3852485  
0.3029805  0.4756742  
0.9336752  0.9347163  
0.02997539  0.2599145  
0.4103414  0.4479072  
0.4126308  0.6862368  
0.6152438  0.2594045  
0.004643593  0.3213396  
0.3723649  0.7147277  
0.375507  0.2347147  
0.9802122  0.6757635  
0.9331549  0.1154712  
0.7326837  0.02178623  
0.4384754  0.73228  
0.8347163  0.4471531  
0.7887071  0.3317955  
0.9414526  0.3009207  
0.3656409  0.8394716  
0.6719648  0.1388673  
0.9229865  0.8314302  
0.7036422  0.1493999  
0.5603265  0.4451827  
0.8291193  0.4149973  
0.9496583  0.7169209  
0.08203326  0.03782944  
0.5247648  0.398824  
0.5876631  0.4449026  
0.5644384  0.7114702  
0.3681168  0.8691424  
0.139698  0.1630137  
0.1514597  0.6281303  
0.6381166  0.6728608  
0.1411019  0.8817389  
0.585242  0.4646932  
0.4271797  0.8743088  
0.1709119  0.5345898  
0.139282  0.383995  
0.9325336  0.695791  
0.7401905  0.6115318  
0.07653122  0.6497122  
0.6507736  0.8425045  
0.5282323  0.3874522  
0.5275706  0.4061966  
0.539866  0.419304  
0.369055  0.858246  
0.9073609  0.9744285  
0.2176885  0.8325908  
0.7843874  0.8504591  
0.2324923  0.9615425  
0.7072834  0.2837795  
0.2228871  0.07074258  
0.4744719  0.1334206  
0.4489987  0.600408  
0.3109196  0.5093123  
0.3464473  0.003304541  
0.7040954  0.8820484  
0.3887164  0.4130309  
0.5011344  0.4774029  
0.418322  0.6578361  
0.9164551  0.09519438  
0.4934453  0.2398792  
0.4575861  0.8494066  
0.4115187  0.9757386  
0.6175384  0.754124  
0.1981814  0.7698165  
0.0676502  0.04379311  
0.7431774  0.8537424  
0.9093698  0.869332  
0.2058001  0.3614476  
0.6874185  0.5746553  
0.3985018  0.8222048  
0.4535928  0.9843289  
0.54756  0.1335557  
0.3199185  0.8483795  
0.924625  0.9157678  
0.2977052  0.8198546  
0.8058526  0.6154772  
0.8934698  0.4396965  
0.2592268  0.5654853  
0.63286  0.8074608  
0.2886581  0.1405092  
0.4483919  0.1107911  
0.05989527  0.2384044  
0.2139464  0.07721865  
0.8723085  0.04752457  
0.5798496  0.916089  
0.8466959  0.1788714  
0.7949731  0.3069585  
0.4045985  0.1282439  
0.4610967  0.695945  
0.9038742  0.7012464  
0.6137895  0.882632  
0.2772998  0.3220276  
0.1721605  0.8927099  
0.8992169  0.5544931  
0.5774701  0.09686129  
0.4199042  0.875218  
0.3655764  0.934917  
0.1165166  0.7887634  
0.9495796  0.3334026  
0.1232908  0.08936092  
0.9016783  0.5149337  
0.01825764  0.08919613  
0.9602724  0.03483853  
0.4885007  0.7592941  
0.6261571  0.3824625  
0.1146982  0.3449867  
0.6134923  0.2600091  
0.7482842  0.9058467  
0.3531019  0.05648682  
0.1177607  0.3283419  
0.6483774  0.7143653  
0.8347133  0.6142165  
0.7199677  0.2690977  
0.3462247  0.4752783  
0.3453161  0.4236321  
0.6619734  0.9538274  
0.4410881  0.5408494  
0.4939099  0.2562869  
0.09096619  0.8823024  
0.04190277  0.1016209  
0.5670963  0.7047338  
0.4548285  0.8908106  
0.4642787  0.1218665  
0.7234892  0.6271103  
0.7399828  0.8291641  
0.7909672  0.8680955  
0.3217937  0.9362418  
0.990226  0.9724476  
0.1548982  0.579329  
0.5100546  0.1984445  
0.3069365  0.2245646  
0.5684489  0.7565051  
0.4206712  0.05786892  
0.9827869  0.6915448  
0.2183908  0.1240619  
0.7157666  0.1774306  
0.8484317  0.6337886  
0.4810979  0.2777201  
0.1270446  0.2037111  
0.9981429  0.2534315  
0.4921303  0.9216768  
0.3542703  0.08510921  
0.0428252  0.5433435  
0.8862241  0.3203135  
0.9490916  0.9984705  
0.4089767  0.4372965  
0.3049102  0.9655767  
0.3297985  0.8061353  
0.9813692  0.05862245  
0.3740359  0.6968828  
0.9891675  0.7568543  
0.7859002  0.5101405  
0.5936429  0.02548197  
0.1408229  0.9876274  
0.9941835  0.4255413  
0.4512351  0.08056949  
0.9097863  0.8940501  
0.4990295  0.4024238  
0.1650536  0.5969884  
0.1417385  0.2180713  
0.3776279  0.03665578  
0.02849576  0.4334789  
0.1657411  0.7736676  
0.1713468  0.493209  
0.4726705  0.511001  
0.0452114  0.5878999  
0.6936488  0.6549177  
0.8882274  0.3968464  
0.2780146  0.3808773  
0.06990734  0.2316049  
0.6942666  0.08350816  
0.4524323  0.07469529  
0.8910195  0.2158429  
0.1478499  0.2288976  
0.8737254  0.3479059  
0.1429291  0.1120391  
0.6751047  0.1866241  
0.8237425  0.9329688  
0.3419353  0.6449937  
0.7268771  0.6029946  
0.6376676  0.4902094  
0.9521344  0.1793908  
0.6578911  0.2769641  
0.9583506  0.3553214  
0.06071424  0.5350316  
0.1166617  0.486149  
0.4244251  0.9645701  
0.4105334  0.3668394  
0.2216174  0.2269397  
0.0511282  0.05059238  
0.1065231  0.158368  
0.9811879  0.9952811  
0.8767147  0.6191308  
0.502436  0.8182583  
0.899217  0.5823269  
0.07771376  0.570644  
0.1800872  0.4341709  
0.646787  0.7112717  
0.4869307  0.9256775  
0.1885332  0.8163007  
0.1266847  0.4121433  
0.4999577  0.5422847  
0.5035598  0.07363796  
0.6233417  0.8725549  
0.8690116  0.9651476  
0.5538199  0.06538929  
0.7349363  0.4927848  
0.3216877  0.1893787  
0.3971534  0.1155603  
0.8496766  0.8574109  
0.4039608  0.8783417  
0.4058378  0.9788196  
0.6542446  0.6915233  
0.5620262  0.03417065  
0.2848033  0.6876362  
0.1427748  0.2438758  
0.6651327  0.4211061  
0.06743105  0.5955921  
0.749867  0.5280435  
0.9535543  0.7864448  
0.8394522  0.256112  
0.9322055  0.2490555  
0.06905877  0.5729221  
0.1033373  0.809949  
0.07024844  0.3474438  
0.6697866  0.2517642  
0.7977102  0.1562157  
0.7409597  0.2263773  
0.1113063  0.3883765  
0.2704783  0.1218471  
0.9123799  0.7552879  
0.4806478  0.01986536  
0.9279295  0.4387361  
0.294885  0.07424379  
0.6267751  0.8880363  
0.2794495  0.3046156  
0.4077764  0.8704538  
0.5796299  0.337373  
0.6899823  0.415765  
0.5606749  0.1537076  
0.9488742  0.001026819  
0.01224508  0.9501329  
0.1021709  0.07909076  
0.9005748  0.9948433  
0.3093548  0.6276341  
0.49367  0.285854  
0.9432315  0.7576923  
0.6294489  0.810764  
0.7505255  0.4099184  
0.2467933  0.5542082  
0.9349326  0.9673653  
0.2384901  0.07995241  
0.4104496  0.4804265  
0.6545555  0.7864473  
0.5155911  0.0786775  
0.9850071  0.03673279  
0.9570792  0.9121952  
0.6534714  0.2273004  
0.8030189  0.1497625  
0.7144391  0.4855726  
0.577805  0.2896695  
0.5648843  0.2881263  
0.2682658  0.07782227  
0.4911886  0.1819497  
0.2715418  0.8016788  
0.2777229  0.6912734  
0.223574  0.2617936  
0.1118875  0.9921433  
0.9605846  0.9306845  
0.4168957  0.229959  
0.3941583  0.4610594  
0.9822091  0.0006052684  
0.8247936  0.8307324  
0.7480647  0.7120332  
0.4951627  0.3093475  
0.6267562  0.4230956  
0.03512086  0.5343999  
0.7375942  0.845544  
0.9589823  0.1660437  
0.5312919  0.8568678  
0.3410077  0.7750282  
0.7450039  0.2409493  
0.1808455  0.387113  
0.5820908  0.9671971  
0.1240563  0.4377153  
0.1006361  0.08229441  
0.1770892  0.0703615  
0.5241836  0.4722883  
0.9779634  0.5945408  
0.0743227  0.5988687  
0.8377218  0.3957266  
0.4189469  0.02411139  
0.6776494  0.3263999  
0.0412333  0.822898  
0.9246353  0.01017122  
0.1399859  0.7303704  
0.2468825  0.07035663  
0.7295393  0.4133059  
0.1484653  0.08024637  
0.6898562  0.794071  
0.1732155  0.2766822  
0.3424794  0.6634761  
0.8697188  0.2118113  
0.2238963  0.1183647  
0.765935  0.06557821  
0.8407452  0.1238522  
0.7912878  0.3613491  
0.2080768  0.9170427  
0.02141955  0.7155458  
0.004817597  0.2615757  
0.5002974  0.5947591  
0.9582341  0.1584679  
0.2840999  0.2691827  
0.001736278  0.5626653  
0.08370691  0.9963633  
0.3814079  0.5907472  
0.413303  0.5399289  
0.3591175  0.01065314  
0.4641035  0.8801816  
0.2972037  0.8940521  
0.5535754  0.05226842  
0.7456304  0.4989404  
0.7753906  0.201222  
0.6847902  0.5473042  
0.7513343  0.308183  
0.729884  0.8473997  
0.3050098  0.5862107  
0.1253317  0.5340993  
0.7618574  0.6509065  
0.7604745  0.03455832  
0.9666874  0.1200874  
0.6180323  0.9141257  
0.6311946  0.575576  
0.7381605  0.6580486  
0.6931833  0.07992458  
0.009897761  0.9850814  
0.305041  0.2947562  
0.6811305  0.6868311  
0.5536892  0.3968411  
0.1603059  0.8220781  
0.7858544  0.1811709  
0.9300403  0.8373998  
0.4255479  0.8420864  
0.8346775  0.2145419  
0.2927387  0.04865535  
0.09182783  0.655788  
0.3577748  0.009437137  
0.7702295  0.7674508  
0.5957515  0.7749521  
0.7855592  0.7848173  
0.4053309  0.3661516  
0.7094322  0.9659125  
0.02599819  0.441116  
0.7018209  0.1656333  
0.8618926  0.3485867  
0.0479495  0.1031767  
0.609456  0.1005779  
0.9763764  0.5809744  
0.8797873  0.5185711  
0.9136124  0.2950233  
0.1499604  0.4134484  
0.5883778  0.4382942  
0.2909369  0.3797047  
0.5979697  0.9615772  
0.4533597  0.2765765  
0.9604829  0.754724  
0.8262684  0.3668981  
0.5798311  0.1442291  
0.2223714  0.1738209  
0.762393  0.5623431  
0.9840355  0.2837297  
0.7704335  0.5628502  
0.06856869  0.6333318  
0.5641522  0.7689412  
0.2372191  0.1527221  
0.8906856  0.9136158  
0.2207214  0.02773473  
0.7950428  0.02718771  
0.04744588  0.8719625  
0.4979256  0.8927384  
0.6391579  0.1235331  
0.02946723  0.6902722  
0.008485792  0.09144519  
0.5365149  0.9443782  
0.1280001  0.5247019  
0.7377801  0.4419821  
0.5641146  0.3655225  
0.9247891  0.1061674  
0.2920249  0.8004792  
0.35735  0.4991498  
0.92364  0.6885982  
0.9482711  0.2078129  
0.6344695  0.3334211  
0.4979443  0.5934987  
0.7981068  0.03969591  
0.01805259  0.1703498  
0.8182918  0.2647223  
0.04051733  0.7132073  
0.5746903  0.1702255  
0.1780293  0.1368553  
0.09426113  0.6596533  
0.6255431  0.2217838  
0.5948122  0.8429675  
0.3875381  0.04466906  
0.2019794  0.350482  
0.7180361  0.2093228  
0.7437029  0.29983  
0.1774716  0.7626606  
0.2493423  0.7586696  
0.01922987  0.2210357  
0.2007684  0.03025054  
0.338326  0.220495  
0.8651588  0.9088926  
0.4644937  0.4919046  
0.2557118  0.1888945  
0.9110902  0.5034819  
0.9290174  0.7946966  
0.4869542  0.9676879  
0.1478478  0.7058532  
0.04655439  0.1609923  
0.1318243  0.9886092  
0.1217423  0.5350972  
0.2623142  0.9223468  
0.501058  0.9035073  
0.3914888  0.02077916  
0.7129223  0.949587  
0.4990819  0.456234  
0.1322777  0.2010268  
0.6317724  0.5297618  
0.7492722  0.5324056  
0.8219917  0.5102482  
0.1784153  0.4412105  
0.2998435  0.9335603  
0.2854803  0.8489856  
0.144197  0.6320752  
0.6131496  0.2804739  
0.4189905  0.8934332  
0.601954  0.7551082  
0.05592841  0.3383093  
0.02146485  0.312132  
0.06609834  0.4042811  
0.2265399  0.439168  
0.08150171  0.6518778  
0.4868243  0.8133156  
0.5902433  0.5890447  
0.0530824  0.04654761  
0.5521404  0.6406398  
0.4493838  0.8663884  
0.0479099  0.09573974  
0.09809348  0.02951141  
0.6569821  0.7863159  
0.1385237  0.3502528  
0.698741  0.6966767  
0.7471282  0.4061791  
0.8001838  0.9592029  
0.5530234  0.8857395  
0.7274594  0.7440799  
0.01865557  0.7993568  
0.9818006  0.831137  
0.6897273  0.8719798  
0.859353  0.1772845  
0.4717219  0.9444891  
0.8799017  0.07839259  
0.7298884  0.01583822  
0.6085291  0.4266262  
0.5906376  0.7369444  
0.2553033  0.6562839  
0.2573866  0.7220525  
0.9188315  0.5433227  
0.2367467  0.2750394  
0.5813331  0.5591846  
0.9495023  0.9649668  
0.3382305  0.3931709  
0.843283  0.6915889  
0.8388218  0.6904817  
0.1932686  0.8903988  
0.5247779  0.1380033  
0.8080956  0.3550172  
0.972551  0.6147767  
0.5154399  0.3379551  
0.728424  0.573297  
0.6048518  0.400963  
0.2796854  0.1686997  
0.3581001  0.05258214  
0.2000985  0.7946076  
0.7556992  0.5432848  
0.9943576  0.7766699  
0.8461326  0.01054815  
0.9479769  0.8563459  
0.1957755  0.6342957  
0.1082435  0.3246644  
0.05074135  0.7046555  
0.750644  0.6101365  
0.54748  0.7361521  
0.2225738  0.7018149  
0.1897247  0.5658392  
0.2653907  0.5569217  
0.05228968  0.2722306  
0.740608  0.6759957  
0.9032808  0.2966598  
0.149324  0.9053497  
0.4203615  0.5425509  
0.5076756  0.9257361  
0.67053  0.3632352  
0.761512  0.4195763  
0.6669408  0.8004763  
0.8501809  0.8716635  
0.5360684  0.1283666  
0.6175243  0.7995084  
0.5339279  0.8639953  
0.6343766  0.3297416  
0.7532814  0.7595422  
0.5483348  0.2575844  
0.681977  0.2979536  
0.5801491  0.4297405  
0.3628336  0.2426569  
0.3891129  0.9299194  
0.2399659  0.4823612  
0.6509097  0.3352981  
0.454834  0.05061377  
0.7849168  0.5260166  
0.5572097  0.2180782  
0.7822072  0.3386039  
0.2997631  0.3600995  
0.7322163  0.04635811  
0.03702578  0.6763672  
0.718631  0.5803738  
0.4578495  0.6560992  
0.8274206  0.1944914  
0.2431283  0.030555  
0.3099614  0.9736903  
0.07923731  0.9197699  
0.8059851  0.320667  
0.7408918  0.07333543  
0.2311814  0.423058  
0.7742935  0.4788741  
0.5954571  0.01850593  
0.8584706  0.384307  
0.4333302  0.5282913  
0.7286625  0.9535565  
0.6362412  0.1320172  
0.5240157  0.9918686  
0.5736098  0.8952835  
0.6629473  0.4721785  
0.2336717  0.351655  
0.1860836  0.6530458  
0.3412235  0.897164  
0.1885957  0.9237961  
0.1926807  0.5698414  
0.9707227  0.2148275  
0.1524648  0.8634999  
0.5492402  0.8509455  
0.3063865  0.2745611  
0.7454449  0.1438558  
0.1612161  0.4461266  
0.4962673  0.6353251  
0.590875  0.4069694  
0.01386754  0.1469391  
0.4845899  0.1967035  
0.2179562  0.792541  
0.01286656  0.7517203  
0.07310366  0.6299516  
0.1175013  0.2540048  
0.4965216  0.4353032  
0.8826271  0.1291554  
0.4747039  0.8141769  
0.8522446  0.03633969  
0.501262  0.4017183  
0.34219  0.4033244  
0.1448882  0.260251  
0.3940082  0.9930873  
0.261349  0.986528  
0.5998226  0.3023854  
0.3625393  0.6712596  
0.9026256  0.6285839  
0.955633  0.6722915  
0.9480473  0.6877382  
0.7161201  0.2505363  
0.3015562  0.0151007  
0.1891512  0.3266581  
0.1320308  0.7484413  
0.2249854  0.2802598  
0.5999872  0.6269694  
0.003234429  0.2159815  
0.8580988  0.5862459  
0.2671555  0.6831977  
0.2805115  0.527885  
0.8267941  0.1489464  
0.2597128  0.8782764  
0.2779562  0.4708335  
0.7089681  0.09938261  
0.511052  0.245476  
0.8604388  0.5362746  
0.5314559  0.1997004  
0.1613264  0.03297121  
0.8220012  0.150905  
0.5607995  0.4544767  
0.2144712  0.5262071  
0.1949045  0.9288979  
0.3793798  0.2447625  
0.1136047  0.1826599  
0.04413948  0.2391599  
0.462125  0.8325555  
0.0693928  0.1879071  
0.5610691  0.4407884  
0.4619891  0.980657  
0.4997145  0.09738549  
0.5711208  0.198539  
0.4496163  0.3187623  
0.9725038  0.05208858  
0.8346478  0.5722586  
0.6319478  0.01809226  
0.9931015  0.3409775  
0.5548353  0.1863341  
0.02786551  0.231853  
0.3509177  0.8671695  
0.5931307  0.7525545  
0.2766833  0.9601033  
0.1478664  0.8453132  
0.2218196  0.5557073  
0.9680289  0.2593794  
0.8768876  0.5844167  
0.4389531  0.6085398  
0.3384781  0.3827998  
0.8413218  0.0674073  
0.09331385  0.7647429  
0.5127032  0.2040313  
0.5372416  0.1021611  
0.2275418  0.5134312  
0.2234438  0.3379823  
0.1890802  0.8287022  
0.9057462  0.3362535  
0.9708753  0.868071  
0.6311858  0.6138831  
0.3803359  0.5794467  
0.2647955  0.4105134  
0.2990717  0.8836001  
0.3278819  0.3241477  
0.4089115  0.2539486  
0.1621507  0.5829675  
0.2076763  0.5797523  
0.3701594  0.9771867  
0.701678  0.4772422  
0.2768051  0.7891687  
0.7076391  0.4824039  
0.5425032  0.9375498  
0.03403972  0.7145788  
0.2754665  0.7418581  
0.1201012  0.6125323  
0.4480919  0.1801932  
0.7176896  0.2711811  
0.1542928  0.7114582  
0.3210427  0.1504681  
0.7404538  0.8906183  
0.4087232  0.09813411  
0.1422045  0.1180843  
0.3420359  0.1262543  
0.2909655  0.5367687  
0.1415029  0.8630542  
0.9093345  0.05909329  
0.310971  0.3424817  
0.4077577  0.5292904  
0.990043  0.05642579  
0.5446847  0.3980863  
0.6995068  0.4216226  
0.07104521  0.8505323  
0.5246565  0.7477123  
0.4135678  0.09516487  
0.1185402  0.1271421  
0.6103003  0.2270418  
0.1054927  0.01725596  
0.7287132  0.1210399  
0.9424989  0.7891679  
0.2501632  0.3415946  
0.9444828  0.7744019  
0.6756715  0.7871715  
0.003810691  0.2239059  
0.7167799  0.322344  
0.1005952  0.9715694  
0.2207252  0.3636828  
0.3674062  0.5866091  
0.1668117  0.873886  
0.6712509  0.4508375  
0.4528518  0.5585891  
0.8664941  0.1073091  
0.03222883  0.977478  
0.6651543  0.2200633  
0.5581974  0.1192212  
0.4465644  0.2844474  
0.1164622  0.960355  
0.9338778  0.03791846  
0.4490949  0.4169248  
0.854987  0.1085932  
0.2926189  0.1513924  
0.1730401  0.5107245  
0.6768295  0.6829778  
0.9435528  0.9525185  
0.09559494  0.3462935  
0.1643925  0.6687047  
0.4211424  0.002821191  
0.7166206  0.5568857  
0.8377263  0.950326  
0.1786069  0.6939464  
0.8205654  0.4631887  
0.6564243  0.4391008  
0.05402528  0.2795489  
0.487219  0.6829252  
0.6401148  0.6699789  
0.8457435  0.9313862  
0.9153196  0.01702166  
0.01936297  0.508741  
0.9341456  0.2764026  
0.9446202  0.3905181  
0.8331086  0.3859357  
0.25634  0.2329801  
0.5670255  0.6154459  
0.1489016  0.2366159  
0.07412597  0.05877355  
0.397495  0.8610126  
0.365345  0.3967623  
0.02739682  0.4206555  
0.2451065  0.4823144  
0.7136024  0.1241789  
0.4392141  0.7312367  
0.2883798  0.6283556  
0.6323446  0.08576188  
0.5677468  0.6091577  
0.9264098  0.3989047  
0.2935424  0.7945677  
0.8805202  0.4050144  
0.9604347  0.6085804  
0.004533191  0.9101575  
0.2645049  0.9642003  
0.6192645  0.1407718  
0.4206467  0.4540667  
0.8523409  0.0856974  
0.6591297  0.6835156  
0.8924154  0.6202255  
0.8217263  0.2844997  
0.4970167  0.1676721  
0.06141148  0.9909104  
0.4311771  0.4925386  
0.4120501  0.617039  
0.5134156  0.196378  
0.9427928  0.9341721  
0.5181365  0.8885809  
0.7213086  0.5465689  
0.08790553  0.5370498  
0.9823626  0.8032339  
0.9505205  0.4006469  
0.01873343  0.441127  
0.2725389  0.03088869  
0.6817622  0.6771844  
0.145156  0.9975382  
0.7245679  0.6253325  
0.2335932  0.1083096  
0.3577978  0.8001914  
0.8378932  0.7246877  
0.2375698  0.6429027  
0.7828951  0.537109  
0.7069164  0.7241187  
0.0968359  0.3203244  
0.5470007  0.05449391  
0.6012043  0.7154538  
0.790986  0.6014551  
0.6528604  0.8605491  
0.5475966  0.1114219  
0.1038861  0.0629398  
0.2888351  0.04925588  
0.1033807  0.7841393  
0.5318831  0.8551084  
0.6585341  0.2300553  
0.7392164  0.4447834  
0.5616184  0.07782189  
0.3191277  0.8074548  
0.2391332  0.0520824  
0.7453132  0.5569195  
0.2150714  0.7612966  
0.01195625  0.477882  
0.1144373  0.5682078  
0.08010474  0.261379  
0.7437686  0.2537579  
0.8372113  0.5313889  
0.01965898  0.4794952  
0.396792  0.3971333  
0.9574176  0.9413571  
0.2333076  0.3549408  
0.102404  0.9592409  
0.2328295  0.1359153  
0.05118618  0.806845  
0.0766616  0.7036019  
0.4343872  0.08162442  
0.7375782  0.9326815  
0.09735717  0.1070394  
0.7856709  0.1522837  
0.06385569  0.2861522  
0.3870712  0.1416284  
0.7302809  0.3602844  
0.08254289  0.281182  
0.3768738  0.4635016  
0.003139167  0.3590943  
0.345141  0.007259719  
0.17945  0.3374981  
0.9175607  0.3565427  
0.5829824  0.2866336  
0.8956637  0.08230133  
0.405935  0.263551  
0.9514946  0.9464028  
0.2611489  0.4054226  
0.6333985  0.2758287  
0.7028824  0.4355092  
0.8870812  0.003435693  
0.9914169  0.1129126  
0.1928393  0.7276469  
0.5215759  0.6105437  
0.4563472  0.324026  
0.8261047  0.5068345  
0.480513  0.9863148  
0.1945156  0.01283631  
0.7146426  0.7740809  
0.2048385  0.7263658  
0.4733471  0.7339548  
0.1998836  0.8183862  
0.004402765  0.4414718  
0.1201094  0.8359353  
0.9051024  0.6744154  
0.9905603  0.8289767  
0.9569596  0.1126932  
0.9081409  0.6829871  
0.977332  0.8972597  
0.05085877  0.5424656  
0.3732307  0.1561521  
0.4002269  0.8807795  
0.005795209  0.03301441  
0.7128315  0.1127144  
0.8037553  0.2199717  
0.04465316  0.3631397  
0.7635688  0.9536393  
0.4222174  0.01099167  
0.7774438  0.4981033  
0.6367587  0.4193898  
0.6790376  0.7579937  
0.7895006  0.618448  
0.5966735  0.04812483  
0.9427858  0.3115981  
0.823902  0.359491  
0.6042775  0.9524562  
0.1014941  0.826737  
0.9792456  0.9476846  
0.6899429  0.8135665  
0.8853984  0.2977042  
0.799501  0.8462503  
0.6085956  0.8676358  
0.9969487  0.5775371  
0.4687859  0.9112625  
0.7407914  0.5540489  
0.9161104  0.9399618  
0.91346  0.4447659  
0.8136953  0.4519722  
0.6613768  0.7740581  
0.2184575  0.6297865  
0.2768386  0.05453966  
0.8436653  0.219813  
0.841148  0.1307512  
0.7100606  0.6520403  
0.9503797  0.1310631  
0.7586462  0.4734761  
0.2055064  0.8402839  
0.4106546  0.01106875  
0.3725182  0.445611  
0.402308  0.794119  
0.01794974  0.1636823  
0.8186639  0.7489431  
0.7638611  0.7586781  
0.5805747  0.377432  
0.4203004  0.4526415  
0.5686648  0.5887866  
0.4770272  0.1305422  
0.8172247  0.8603167  
0.03515568  0.8964433  
0.2513369  0.7933859  
0.3194058  0.6981399  
0.7155355  0.2694441  
0.3061689  0.9976566  
0.03119814  0.933233  
0.954602  0.4847625  
0.5997915  0.2023031  
0.675846  0.6706885  
0.9086857  0.3586912  
0.5869385  0.3470696  
0.6340668  0.5654269  
0.7546445  0.3922146  
0.6341128  0.6831062  
0.9886551  0.7676564  
0.1304875  0.2308133  
0.704911  0.9039488  
0.3369368  0.6627002  
0.4387909  0.9338847  
0.4790789  0.02825997  
0.0741073  0.8663509  
0.7633097  0.4898573  
0.6677359  0.5320636  
0.06021798  0.5362584  
0.293942  0.6388178  
0.5962444  0.06112795  
0.7267134  0.4836248  
0.08959138  0.5337554  
0.3995275  0.7926723  
0.02678415  0.365029  
0.2488208  0.51924  
0.3447958  0.4175627  
0.7346894  0.5904886  
0.501133  0.1029071  
0.1994194  0.05246877  
0.335714  0.2310961  
0.7136781  0.04629397  
0.05041922  0.9284404  
0.3820714  0.9425855  
0.5056253  0.00382874  
0.986083  0.5155908  
0.8289538  0.8596118  
0.543594  0.06386784  
0.04640913  0.4111148  
0.7526435  0.3871327  
0.8712128  0.6052724  
0.4326786  0.5843695  
0.2492458  0.6982196  
0.8743031  0.9775122  
0.93042  0.8573061  
0.8221367  0.3001915  
0.7256711  0.7672344  
0.08662576  0.8580974  
0.673464  0.8117146  
0.4209139  0.4605729  
0.03929831  0.02058164  
0.9979422  0.9799999  
0.7610815  0.7306759  
0.5646515  0.9615994  
0.2379189  0.9106164  
0.5291561  0.628668  
0.3541304  0.8504987  
0.7295822  0.7632759  
0.3618347  0.7677572  
0.1930599  0.8165235  
0.502836  0.9377216  
0.4526228  0.1140161  
0.1525879  0.02536745  
0.3022468  0.3336106  
0.612743  0.7050798  
0.200999  0.3250138  
0.11149  0.3883326  
0.6583992  0.6043482  
0.8264718  0.2358604  
0.6536501  0.3175567  
0.7966591  0.4504368  
0.4092154  0.1439861  
0.6604106  0.9752889  
0.7568235  0.03820283  
0.2936602  0.818463  
0.9557154  0.03011934  
0.1606505  0.09622308  
0.2788682  0.8799591  
0.2735551  0.5572437  
0.6277652  0.764114  
0.8787683  0.7019524  
0.5756144  0.6368704  
0.1699424  0.3651016  
0.7063005  0.6301522  
0.2804512  0.03681897  
0.3082845  0.06801186  
0.2202572  0.126704  
0.2932374  0.5828926  
0.4554368  0.5644099  
0.4687577  0.5032652  
0.0941861  0.3304364  
0.2208502  0.8718617  
0.6926969  0.4497399  
0.8230568  0.2987117  
0.3783479  0.7933506  
0.1301077  0.03457791  
0.4930457  0.568425  
0.1876699  0.554857  
0.2058578  0.7924306  
0.4512206  0.07124022  
0.746681  0.6697651  
0.9092546  0.7498939  
0.08657768  0.2739097  
0.2557016  0.9764042  
0.322526  0.5694241  
0.924241  0.9614593  
0.8671002  0.378671  
0.9019993  0.6710257  
0.4510196  0.2019689  
0.2961262  0.9568853  
0.74661  0.4069393  
0.9971007  0.8806286  
0.007614837  0.6271942  
0.933594  0.5255978  
0.1704082  0.9406498  
0.5274808  0.6347123  
0.6635049  0.1073245  
0.7947549  0.1462227  
0.05948601  0.3334412  
0.8764573  0.9711491  
0.4346331  0.03010992  
0.4008698  0.4714438  
0.8476191  0.9872202  
0.3828679  0.6618748  
0.0425012  0.880997  
0.04908077  0.9549137  
0.4421327  0.8285548  
0.6576945  0.7254219  
0.3384792  0.06243016  
0.364125  0.02825208  
0.7873549  0.1281494  
0.5444126  0.5133422  
0.9729435  0.445709  
0.4839063  0.8997295  
0.237379  0.556854  
0.8314076  0.2020942  
0.9396688  0.3040864  
0.1781362  0.02837717  
0.0410297  0.9340786  
0.7484946  0.04652878  
0.02464703  0.8358895  
0.3537337  0.8811505  
0.9031253  0.9044057  
0.03611215  0.575504  
0.7991055  0.2042821  
0.9120518  0.8383846  
0.6098903  0.5677783  
0.7738002  0.231114  
0.8736202  0.57244  
0.7225638  0.7944546  
0.7268555  0.540152  
0.2007236  0.7772292  
0.6072292  0.4684781  
0.5432469  0.744719  
0.8571381  0.3006324  
0.797948  0.1906895  
0.2552423  0.2726245  
0.1228063  0.9179064  
0.4295907  0.3770593  
0.7743638  0.3321687  
0.6013236  0.7816249  
0.09303556  0.3876158  
0.6281084  0.9941502  
0.8178471  0.7268553  
0.7387973  0.9585264  
0.8214721  0.704852  
0.6289403  0.04116168  
0.07588413  0.8967904  
0.7606497  0.7156109  
0.3009884  0.1508104  
0.7907571  0.7141619  
0.7719303  0.8373316  
0.8979381  0.1818677  
0.8832901  0.09817207  
0.4843514  0.7801458  
0.1386687  0.2219723  
0.4299935  0.7804866  
0.7249842  0.8471298  
0.05317339  0.8020991  
0.8258793  0.5790443  
0.4923059  0.09071829  
0.4379634  0.6408302  
0.1840815  0.5553142  
0.4388482  0.2022255  
0.8943088  0.4343857  
0.831871  0.1464283  
0.8321652  0.5796774  
0.887919  0.02434884  
0.3062341  0.377889  
0.0417862  0.6764273  
0.4241322  0.04326472  
0.9903845  0.2067808  
0.7245487  0.3410962  
0.03120533  0.8662596  
0.0152951  0.9802584  
0.1198062  0.4617059  
0.2679328  0.1301906  
0.4966237  0.5200187  
0.347323  0.4271324  
0.3233876  0.5938283  
0.8887003  0.2840913  
0.8690897  0.7513884  
0.1602745  0.07141334  
0.9666171  0.1276254  
0.4507031  0.1611711  
0.2774095  0.7860697  
0.2104781  0.5998701  
0.4969926  0.2260461  
0.9653342  0.2790249  
0.6572127  0.9228356  
0.2305156  0.1761267  
0.3135383  0.8671368  
0.2034636  0.9459267  
0.5675428  0.1052264  
0.08288544  0.9489286  
0.1872653  0.4122316  
0.4278175  0.9351804  
0.7205183  0.4447591  
0.04061639  0.06196987  
0.9181227  0.1724156  
0.1090575  0.2813231  
0.2815014  0.7291158  
0.4448135  0.494808  
0.1361622  0.07683144  
0.7167155  0.8476904  
0.2361034  0.5838705  
0.8325282  0.3044025  
0.9942116  0.829457  
0.8858522  0.9318321  
0.6770806  0.2928235  
0.01422753  0.1105387  
0.7582181  0.03852645  
0.8467599  0.7344113  
0.7433279  0.3515303  
0.9702284  0.7705493  
0.4208272  0.9776807  
0.2985131  0.8932992  
0.4975171  0.2940573  
0.5735837  0.05514841  
0.3563618  0.9606097  
0.1531466  0.9566023  
0.1398894  0.2326705  
0.07358084  0.927309  
0.6201816  0.8527972  
0.8999366  0.7879921  
0.7864285  0.2868083  
0.9712286  0.5470378  
0.8928148  0.3531264  
0.303978  0.8206986  
0.3395232  0.4151534  
0.9947339  0.8683319  
0.7126  0.5065336  
0.3070072  0.126471  
0.04424822  0.8577325  
0.08826011  0.6272111  
0.6760721  0.2562992  
0.04243938  0.2178771  
0.9762851  0.1700791  
0.06728027  0.4901032  
0.1928863  0.8851549  
0.6119492  0.7626722  
0.01766743  0.3314757  
0.4330403  0.7810254  
0.4254417  0.05033449  
0.2170071  0.749882  
0.958407  0.9158092  
0.8114834  0.8481117  
0.505498  0.2723052  
0.3063749  0.2897619  
0.6914503  0.3892441  
0.7566657  0.109029  
0.6094241  0.9044857  
0.4661912  0.03089679  
0.1056729  0.4403761  
0.3236488  0.4272345  
0.2220507  0.4688889  
0.3476298  0.4835348  
0.7078796  0.8779438  
0.6800342  0.3273581  
0.8658581  0.9745852  
0.2160759  0.8063651  
0.7415362  0.8581231  
0.1414167  0.03893545  
0.358532  0.2196603  
0.02770471  0.5484519  
0.2899781  0.1981908  
0.5832207  0.1613639  
0.6588452  0.9217582  
0.4529031  0.02036438  
0.1413693  0.2203054  
0.4842745  0.7165034  
0.5632987  0.4300009  
0.9888987  0.170681  
0.6281821  0.9520057  
0.4703498  0.6110786  
0.2140518  0.02595144  
0.9498453  0.3295341  
0.108758  0.9428503  
0.1512301  0.9761594  
0.1753109  0.748255  
0.2765849  0.5128014  
0.6205169  0.01328191  
0.9744941  0.9240966  
0.1183266  0.2278492  
0.1205793  0.674742  
0.05489541  0.1147859  
0.5246315  0.725971  
0.2376905  0.005108487  
0.9860705  0.9890256  
0.4917924  0.2373729  
0.9358041  0.7426223  
0.08883099  0.02621423  
0.1451655  0.5818326  
0.6254547  0.9826049  
0.2072253  0.8621388  
0.875847  0.6596227  
0.478726  0.3157938  
0.1134573  0.4298823  
0.5957246  0.9988133  
0.5194679  0.3369114  
0.5563516  0.2904896  
0.2686069  0.265911  
0.836419  0.1267656  
0.807834  0.6543025  
0.9702671  0.5689443  
0.352833  0.8833869  
0.7065178  0.67073  
0.592319  0.1027294  
0.9503215  0.3758966  
0.2148769  0.5386203  
0.9790032  0.9878313  
0.3450929  0.1466712  
0.07456683  0.4072447  
0.9601976  0.7862977  
0.8259577  0.2652641  
0.3734063  0.3247156  
0.8851897  0.2394963  
0.0445748  0.03661955  
0.8952993  0.001161995  
0.1083129  0.461209  
0.6683924  0.09735283  
0.2346467  0.5758077  
0.3493312  0.7913513  
0.2188745  0.2311691  
0.9847046  0.4583359  
0.8666373  0.2433691  
0.7803239  0.5012544  
0.1783543  0.1995401  
0.6870301  0.2469786  
0.02728711  0.8012218  
0.5010067  0.2662997  
0.7082861  0.8118525  
0.0295451  0.5894515  
0.5018936  0.287367  
0.4504711  0.2918157  
0.4224953  0.6294878  
0.9438051  0.2255825  
0.6500329  0.8780184  
0.5345979  0.3903612  
0.7599573  0.2922251  
0.3032845  0.3899973  
0.9111766  0.5839802  
0.8030005  0.5722809  
0.2880977  0.1136314  
0.9151192  0.939973  
0.8134892  0.04112539  
0.625322  0.3522203  
0.4699803  0.8711819  
0.7136864  0.4902528  
0.9609058  0.1850235  
0.5463755  0.3482472  
0.1131993  0.1403723  
0.9992847  0.8326198  
0.2509079  0.7752347  
0.1455487  0.3902335  
0.4168836  0.1467959  
0.5076004  0.1326643  
0.08022978  0.9118518  
0.4807361  0.7848355  
0.9975341  0.01229192  
0.2295664  0.519093  
0.1056631  0.9942164  
0.1973146  0.154719  
0.307832  0.04265687  
0.3217485  0.01216259  
0.3540986  0.4116528  
0.28948  0.2214068  
0.09075486  0.8237532  
0.522929  0.09852387  
0.5021921  0.2842264  
0.3275647  0.8317947  
0.1959074  0.4160394  
0.9075557  0.2968747  
0.7397132  0.5008799  
0.9960455  0.3643619  
0.399014  0.3135326  
0.6233358  0.5857935  
0.7512758  0.1253839  
0.5562938  0.6716037  
0.1113014  0.504759  
0.08300282  0.4962979  
0.6437675  0.3811821  
0.8843502  0.6887658  
0.8568186  0.2733476  
0.1912393  0.2475321  
0.858042  0.6128432  
0.3685147  0.5657588  
0.1354835  0.1998789  
0.2714934  0.2055061  
0.584802  0.07645171  
0.481068  0.553592  
0.08530099  0.7356475  
0.385893  0.8687572  
0.9340711  0.821803  
0.02217179  0.9825073  
0.632884  0.7870984  
0.7992847  0.003749099  
0.8364228  0.4097493  
0.282429  0.5210635  
0.02479222  0.5658513  
0.3628722  0.4347148  
0.2490011  0.9868603  
0.9748078  0.7823848  
0.5772111  0.8171412  
0.405812  0.09800559  
0.03485744  0.01885332  
0.6574098  0.7772063  
0.4910286  0.03847514  
0.2309594  0.01819566  
0.4613038  0.8510476  
0.1196374  0.7660421  
0.3649278  0.1912519  
0.1396242  0.2476481  
0.8569218  0.2071355  
0.3041869  0.9602276  
0.1348322  0.06777775  
0.1981418  0.4448384  
0.4742715  0.7232554  
0.1590131  0.4866135  
0.1435323  0.4178461  
0.4961727  0.4243316  
0.5903238  0.9801547  
0.01012056  0.2574673  
0.1769493  0.2426635  
0.4092484  0.8522328  
0.3817052  0.4800928  
0.8043459  0.9596734  
0.4527765  0.6554934  
0.5493154  0.7108872  
0.3263747  0.9811891  
0.08154147  0.2454016  
0.2969873  0.9091496  
0.9180525  0.2750554  
0.2128045  0.4731129  
0.02758586  0.1316608  
0.3581833  0.6219175  
0.05823927  0.6599571  
0.7716173  0.07068805  
0.6333348  0.09079791  
0.441122  0.7420826  
0.1472694  0.4306771  
0.4365365  0.02313012  
0.8200075  0.3705253  
0.9484371  0.6602892  
0.490097  0.1384777  
0.08318086  0.5192067  
0.09604875  0.2600447  
0.1514679  0.9188958  
0.1633345  0.5824342  
0.3071756  0.7203741  
0.6712394  0.9987511  
0.4651087  0.8624375  
0.6608856  0.409564  
0.1593993  0.3204758  
0.5377525  0.6626783  
0.473478  0.3390316  
0.424202  0.8787089  
0.2559512  0.7862192  
0.5517047  0.648286  
0.979506  0.6312079  
0.5275291  0.67743  
0.3596016  0.4785739  
0.2490897  0.6354262  
0.982192  0.588215  
0.2405647  0.04182481  
0.06963873  0.1682744  
0.3644745  0.3338994  
0.1700161  0.5877052  
0.4178529  0.7526327  
0.459949  0.6338877  
0.7696555  0.8430723  
0.7840026  0.1714409  
0.9142947  0.4111353  
0.1505037  0.0145239  
0.768659  0.8561546  
0.5941417  0.247285  
0.3188084  0.2601246  
0.2329193  0.9669111  
0.8824107  0.7564132  
0.04313632  0.1408763  
0.8640545  0.676956  
0.8325339  0.1271688  
0.9962765  0.5551342  
0.2813757  0.8910743  
0.7712408  0.9664131  
0.5932509  0.6249133  
0.7836512  0.7804914  
0.3941392  0.2644701  
0.09350717  0.221212  
0.65763  0.20809  
0.3673028  0.8968428  
0.7664553  0.09414504  
0.7824683  0.2078803  
0.2043831  0.9278496  
0.05236669  0.6843874  
0.5332797  0.05624094  
0.3673456  0.5943455  
0.476757  0.3422416  
0.02266533  0.7953894  
0.6112544  0.1220222  
0.3023969  0.9249142  
0.1396975  0.588645  
0.6212587  0.9662458  
0.4677891  0.3548005  
0.4194247  0.5316289  
0.341578  0.2736917  
0.4552765  0.5650336  
0.7273847  0.4229591  
0.343678  0.3849702  
0.2063821  0.7311212  
0.4051582  0.7126065  
0.2506034  0.01492391  
0.5055949  0.03634556  
0.9140811  0.7218123  
0.1287541  0.05790896  
0.4718095  0.8468692  
0.4848683  0.5302602  
0.9889695  0.4556261  
0.8392541  0.04827792  
0.4013144  0.2512355  
0.8567524  0.788324  
0.7638417  0.8645776  
0.7654417  0.1058728  
0.9281998  0.8116312  
0.3595682  0.8625126  
0.20098  0.04628862  
0.2886358  0.3503616  
0.5241207  0.546022  
0.8563801  0.379365  
0.6527158  0.2475398  
0.8919097  0.6683702  
0.4224914  0.599006  
0.5424799  0.9879635  
0.3631957  0.2633204  
0.5550706  0.5484056  
0.4402756  0.1767802  
0.7268459  0.1906149  
0.9955166  0.3939582  
0.6082328  0.7526552  
0.3251488  0.9237039  
0.6426657  0.3529572  
0.4219605  0.2134778  
0.2467287  0.6027209  
0.2115985  0.8939915  
0.9543673  0.7819648  
0.3149153  0.4876489  
0.35687  0.05393629  
0.7775135  0.25456  
0.7676286  0.8230517  
0.6575357  0.8469847  
0.1978458  0.111787  
0.9217168  0.5694548  
0.6391362  0.2567496  
0.2441304  0.9780547  
0.290854  0.5884283  
0.6314966  0.09938911  
0.3577038  0.6856147  
0.3820409  0.3156649  
0.0118906  0.3585176  
0.6341048  0.6207814  
0.2015243  0.8748153  
0.2060704  0.1678278  
0.5046249  0.9940665  
0.8997927  0.8217851  
0.03238824  0.03647023  
0.6503354  0.05624382  
0.6760111  0.4829104  
0.6279211  0.3974733  
0.3289578  0.6508154  
0.5979275  0.7401289  
0.01129475  0.04423991  
0.6920598  0.8739395  
0.3771685  0.3487616  
0.2626016  0.4217  
0.9749692  0.9952325  
0.485903  0.9009785  
0.9063938  0.4036365  
0.9661203  0.502481  
0.2226445  0.2540336  
0.2114822  0.3643647  
0.3340473  0.9098338  
0.1812719  0.7232151  
0.6401329  0.7639  
0.5916225  0.3403826  
0.9267572  0.8775798  
0.1655474  0.8164797  
0.9670031  0.5841873  
0.2098734  0.3960982  
0.1775441  0.2027883  
0.3297945  0.1168929  
0.7037671  0.08892602  
0.08892075  0.2702092  
0.4550865  0.6826647  
0.11525  0.3026015  
0.7659044  0.7590592  
0.1048271  0.6118026  
0.5006271  0.2397403  
0.6145847  0.5395855  
0.1675256  0.6029888  
0.2044621  0.2361436  
0.5291759  0.9630998  
0.9261924  0.8727669  
0.9539844  0.390888  
0.1440327  0.674279  
0.3807904  0.932122  
0.2826913  0.486794  
0.4311075  0.4812744  
0.8100755  0.02776961  
0.3029146  0.4947635  
0.9838545  0.5237025  
0.3726295  0.1250581  
0.9972469  0.5017875  
0.8555278  0.1884446  
0.144664  0.7489044  
0.1209516  0.5019527  
0.1884645  0.4281531  
0.1748731  0.6494661  
0.5639563  0.1703454  
0.6367857  0.3567941  
0.8782674  0.6235093  
0.6814931  0.2390842  
0.1118608  0.6662081  
0.6341624  0.2325835  
0.03288909  0.5106748  
0.9588588  0.7139712  
0.6294107  0.09610413  
0.3497198  0.7232144  
0.1614537  0.8540528  
0.2492836  0.4092777  
0.4630726  0.2114562  
0.2933107  0.2974176  
0.2968848  0.7036831  
0.04355026  0.2853881  
0.8724287  0.008888582  
0.170708  0.9514056  
0.3572814  0.969438  
0.05762771  0.01303477  
0.7573426  0.08830803  
0.5892833  0.2462847  
0.4138958  0.7888116  
0.08300141  0.7200441  
0.8313588  0.05265379  
0.3595466  0.3330947  
0.3247636  0.8408857  
0.7537511  0.5687142  
0.6224353  0.6298557  
0.6228728  0.5735712  
0.46666  0.9529419  
0.2385331  0.3787008  
0.8681968  0.9779291  
0.7938437  0.160548  
0.4191308  0.06380706  
0.3274774  0.2613498  
0.5359563  0.2096094  
0.9705645  0.3327871  
0.6719339  0.403449  
0.337207  0.08167005  
0.5091458  0.2542642  
0.5211405  0.9953547  
0.6170696  0.7381655  
0.9662078  0.4054742  
0.5507984  0.9840374  
0.02600982  0.8485351  
0.7406921  0.8721208  
0.26575  0.4957671  
0.4474474  0.5431404  
0.1045558  0.865633  
0.09289385  0.1838688  
0.2570921  0.3805479  
0.9667796  0.591116  
0.04241394  0.4077211  
0.4384445  0.5889688  
0.4719356  0.9394947  
0.0310158  0.9639448  
0.2307765  0.1913679  
0.024534  0.5264337  
0.9714671  0.2791844  
0.4170015  0.5363431  
0.5653265  0.4327734  
0.6700728  0.8103946  
0.3748927  0.5548451  
0.06749127  0.6965432  
0.2687557  0.6534251  
0.5565143  0.05653293  
0.437786  0.7219596  
0.2884792  0.5629431  
0.9961397  0.2986962  
0.7985151  0.05584488  
0.3085864  0.2045799  
0.2034316  0.1531259  
0.5439855  0.8870561  
0.3946335  0.7731273  
0.9156671  0.7844474  
0.2927579  0.5740817  
0.9191409  0.3977342  
0.8223013  0.2272638  
0.8642326  0.3936846  
0.5738719  0.9442449  
0.5390307  0.6552186  
0.2529173  0.4269249  
0.6160918  0.4254052  
0.8765868  0.4855336  
0.4807356  0.9063085  
0.281353  0.3554672  
0.5727193  0.2223898  
0.6147647  0.5836974  
0.8571911  0.6510804  
0.4587575  0.8294869  
0.542405  0.2237801  
0.4809221  0.6709463  
0.7059783  0.4508559  
0.9937616  0.2393836  
0.5251095  0.1381644  
0.9359284  0.07655936  
0.9148702  0.4984611  
0.1213446  0.2405431  
0.2264694  0.384984  
0.9294235  0.3099227  
0.8790663  0.9806011  
0.7403443  0.9514603  
0.7569609  0.2425194  
0.970672  0.9817141  
0.671098  0.1470573  
0.2527682  0.8925289  
0.4579936  0.6220157  
0.6355057  0.2635813  
0.6301266  0.1936186  
0.34087  0.8312829  
0.2950172  0.8321415  
0.5868495  0.1704487  
0.7803479  0.788286  
0.6172984  0.7889957  
0.6989277  0.2203344  
0.4819859  0.01541731  
0.8846466  0.4407923  
0.0145086  0.349737  
0.3992595  0.2991615  
0.8063175  0.9286171  
0.9821255  0.5142159  
0.1934464  0.6768527  
0.5174299  0.5199553  
0.5020248  0.9304062  
0.6283495  0.7504837  
0.3281384  0.7248168  
0.0549393  0.07063884  
0.6374532  0.638135  
0.3218387  0.7960567  
0.5188955  0.4734385  
0.2255345  0.9877929  
0.002618707  0.7119435  
0.2582  0.1576497  
0.9709981  0.8159155  
0.9263736  0.5603287  
0.1404445  0.3815898  
0.9143611  0.5204131  
0.8008899  0.6146871  
0.699742  0.5966888  
0.914502  0.5329629  
0.6180063  0.4838914  
0.9112659  0.7753811  
0.2901275  0.9573323  
0.1181508  0.4104399  
0.5074352  0.5436065  
0.9326387  0.7047951  
0.5853624  0.5307906  
0.9340814  0.3221109  
0.4168901  0.7781605  
0.6850154  0.9525283  
0.3356757  0.8183228  
0.002840666  0.7093091  
0.8511104  0.1093032  
0.9295256  0.4285532  
0.8603353  0.08294507  
0.7034689  0.5245915  
0.5591423  0.1161049  
0.878588  0.8882137  
0.04139878  0.6667872  
0.2840217  0.3239502  
0.6726137  0.9127048  
0.110594  0.373679  
0.3485469  0.134242  
0.7423226  0.5152458  
0.7340662  0.7714948  
0.06315553  0.07838116  
0.8060554  0.2043836  
0.5580743  0.8668652  
0.8933655  0.2849693  
0.9578637  0.9457523  
0.7924903  0.8197695  
0.5493477  0.6125573  
0.2863524  0.3583948  
0.8242769  0.2059792  
0.7269815  0.5520645  
0.7974529  0.5849526  
0.9899518  0.6879428  
0.1931524  0.6990702  
0.7626631  0.8656097  
0.6618443  0.6943087  
0.9899639  0.109096  
0.02919757  0.2756103  
0.4446577  0.8579006  
0.3895311  0.2590083  
0.3534769  0.7643028  
0.6367054  0.3692244  
0.8985134  0.9006298  
0.9528363  0.4580653  
0.9059429  0.4542587  
0.4076505  0.3374988  
0.2463448  0.1036455  
0.2988411  0.5339796  
0.6447987  0.5426509  
0.721021  0.9768876  
0.8139514  0.08885342  
0.6145655  0.2443404  
0.8495681  0.001195352  
0.4138945  0.9056643  
0.003406694  0.638627  
0.5671466  0.6841435  
0.2789574  0.9500088  
0.8160784  0.7764455  
0.8807585  0.7800651  
0.6455475  0.3741801  
0.003655232  0.8530977  
0.2935538  0.1997863  
0.09473648  0.520536  
0.3122119  0.9383359  
0.4761151  0.8607653  
0.5397842  0.002110169  
0.8293078  0.4219508  
0.3960674  0.8043149  
0.08620124  0.272486  
0.4742859  0.5804426  
0.3956002  0.7372724  
0.5988591  0.6421997  
0.5099772  0.4883354  
0.1992721  0.1529847  
0.2769293  0.6167899  
0.1183776  0.1618913  
0.1501712  0.2282762  
0.1905765  0.802052  
0.2445429  0.7909532  
0.3133168  0.5397602  
0.131491  0.754333  
0.8623734  0.4990411  
0.6704165  0.3594947  
0.5102389  0.8826355  
0.02024659  0.01919661  
0.7400736  0.04275739  
0.3200077  0.4786941  
0.494868  0.2823815  
0.5859152  0.6187709  
0.09422979  0.2831107  
0.5318884  0.9327543  
0.9962698  0.1040793  
0.6644696  0.4656768  
0.9511654  0.9400302  
0.4643164  0.3174507  
0.7771717  0.04588251  
0.6316334  0.9673186  
0.02652196  0.5879284  
0.5192319  0.4240503  
0.01755416  0.1938048  
0.4858147  0.321378  
0.2860974  0.8713316  
0.7286985  0.3545112  
0.7481435  0.8501929  
0.05948373  0.3706439  
0.09879049  0.8988081  
0.9103471  0.3693641  
0.8887746  0.9139747  
0.2403267  0.2158556  
0.8548791  0.7452031  
0.08762486  0.7280206  
0.3363896  0.9879474  
0.07049478  0.7770974  
0.00121675  0.0445548  
0.1224471  0.4554932  
0.6947221  0.4215568  
0.7243259  0.2972971  
0.7578406  0.3557036  
0.09238183  0.8791804  
0.6242971  0.3211205  
0.1260324  0.3812704  
0.2107113  0.9179435  
0.1369879  0.3264848  
0.8960906  0.1985937  
0.05189442  0.4869337  
0.57004  0.5603143  
0.7599214  0.9213623  
0.7340582  0.03439618  
0.09420375  0.5239617  
0.7899853  0.8807844  
0.6766567  0.375988  
0.3472572  0.7768507  
0.1917092  0.3147836  
0.5558296  0.7757725  
0.9724011  0.2060841  
0.06905724  0.9627907  
0.6337534  0.6353464  
0.9125842  0.6650375  
0.7826126  0.09531515  
0.8030508  0.4570432  
0.918294  0.8934552  
0.8939544  0.6728917  
0.9683126  0.3498074  
0.5706412  0.5226093  
0.5933872  0.7208864  
0.488409  0.3268443  
0.4196704  0.2170441  
0.2645353  0.9448205  
0.5680471  0.04918383  
0.516509  0.1981021  
0.1309339  0.4484205  
0.7330186  0.3241977  
0.06592358  0.4685242  
0.5191988  0.8623888  
0.5449935  0.1102712  
0.2847953  0.8618562  
0.1599604  0.9967941  
0.09259842  0.731913  
0.09319675  0.3204549  
0.8249428  0.09902127  
0.2065006  0.7838246  
0.02822188  0.7133908  
0.7959389  0.7310255  
0.4608248  0.4533415  
0.403413  0.4807661  
0.2551225  0.4392638  
0.2688208  0.5700331  
0.3355881  0.8232937  
0.9233287  0.6229711  
0.3580932  0.657655  
0.8779276  0.1310197  
0.6466072  0.2787696  
0.7554914  0.6320157  
0.7601978  0.6874624  
0.7210439  0.3574632  
0.08662159  0.3670086  
0.6431807  0.3910535  
0.654928  0.02454487  
0.1719523  0.808776  
0.7077566  0.7623484  
0.725296  0.7742982  
0.8563347  0.601927  
0.3492908  0.2580313  
0.3978591  0.39836  
0.5741162  0.4197459  
0.4905604  0.7766737  
0.8934656  0.06331248  
0.1342829  0.9658849  
0.906202  0.5157824  
0.08863047  0.6390473  
0.6610142  0.441394  
0.5788714  0.01803165  
0.008967355  0.4270089  
0.4852949  0.9558021  
0.777374  0.9506157  
0.2338597  0.9103328  
0.1273759  0.9194578  
0.4978519  0.4518773  
0.9379082  0.6208532  
0.8239063  0.3012655  
0.451833  0.5992344  
0.1742079  0.8437896  
0.09540827  0.8719545  
0.1199198  0.3965509  
0.2858314  0.06638635  
0.1893771  0.8227692  
0.6831397  0.8982973  
0.5372349  0.9889708  
0.3160819  0.1951489  
0.5289821  0.5259248  
0.3177125  0.8562262  
0.7185567  0.3721164  
0.3713941  0.9621726  
0.768669  0.0501471  
0.2876426  0.2170052  
0.2058208  0.5061738  
0.4948953  0.5379652  
0.7401995  0.8391988  
0.9692006  0.6657662  
0.7988221  0.8682621  
0.3762637  0.2297537  
0.8466772  0.01951202  
0.5450139  0.651644  
0.9513867  0.3137048  
0.402877  0.01305545  
0.3370767  0.1177258  
0.2172245  0.7291295  
0.3462076  0.9350055  
0.2849176  0.6413534  
0.9975437  0.9503646  
0.212308  0.5356513  
0.6362164  0.7668774  
0.2759707  0.7105036  
0.4836817  0.8012795  
0.07024961  0.3779087  
0.1462809  0.8026365  
0.7895466  0.8475366  
0.8178017  0.6240983  
0.2499529  0.2334333  
0.5451936  0.290163  
0.9722536  0.3581764  
0.846213  0.2117423  
0.9548158  0.4361067  
0.2780615  0.9629545  
0.8419455  0.02582438  
0.1374194  0.09056007  
0.9164136  0.734736  
0.8125169  0.1113087  
0.8903684  0.2489299  
0.1074715  0.6235137  
0.536864  0.807727  
0.4215397  0.8131527  
0.7440552  0.4221368  
0.8314344  0.2739056  
0.760147  0.4310471  
0.3331953  0.1867239  
0.6620527  0.5992314  
0.302919  0.4473964  
0.9892051  0.577784  
0.1949651  0.6454708  
0.7370873  0.3303951  
0.6614803  0.1257774  
0.8648522  0.5369583  
0.32602  0.7456982  
0.2169736  0.7997055  
0.5329146  0.8656379  
0.8735102  0.7231234  
0.3671048  0.5152963  
0.770929  0.5572458  
0.9695224  0.4581225  
0.4334272  0.1480611  
0.4820977  0.06886856  
0.4023112  0.5656891  
0.4679123  0.1496191  
0.5063759  0.6753048  
0.8243436  0.7391729  
0.8159929  0.9853163  
0.1254366  0.7554134  
0.1994402  0.5486826  
0.4799542  0.4438282  
0.006415872  0.2184264  
0.2796319  0.4926041  
0.3760769  0.4550804  
0.003729828  0.3754569  
0.5325361  0.4397591  
0.5538693  0.6817739  
0.8302406  0.6165792  
0.7035823  0.6495822  
0.1149207  0.09078838  
0.8868421  0.6754871  
0.86123  0.3243289  
0.2480229  0.2786235  
0.1436198  0.2979058  
0.6191057  0.7921869  
0.1151406  0.3194896  
0.1585358  0.2329674  
0.2643523  0.3817506  
0.2073297  0.9455725  
0.8419725  0.5365229  
0.1973271  0.8241236  
0.9621004  0.6340811  
0.5326663  0.4075233  
0.3856805  0.7495066  
0.9105952  0.8505755  
0.5275489  0.9073257  
0.7924181  0.6526708  
0.5753139  0.510126  
0.2189938  0.4269046  
0.4403519  0.5827594  
0.3192288  0.7939906  
0.6914823  0.9072186  
0.642607  0.8388272  
0.3970555  0.4764444  
0.3454719  0.4822255  
0.2915614  0.7492163  
0.0640763  0.2165357  
0.1794737  0.1742749  
0.06345201  0.6689296  
0.07771483  0.6410427  
0.4836173  0.7794793  
0.1011576  0.4608932  
0.7400664  0.9012503  
0.4988458  0.6677051  
0.4341883  0.185593  
0.05453014  0.2526291  
0.9232351  0.660797  
0.376007  0.67851  
0.9209956  0.3887223  
0.6678195  0.6773295  
0.7079396  0.2787216  
0.2552156  0.9916951  
0.002836847  0.4046816  
0.3125479  0.195009  
0.2117481  0.6916089  
0.3277701  0.5551001  
0.1475984  0.3286154  
0.05882629  0.274034  
0.4274123  0.759811  
0.5376245  0.08854265  
0.6576061  0.1235033  
0.6269082  0.9555708  
0.8718161  0.582114  
0.4125324  0.8975502  
0.7624919  0.02554655  
0.1772585  0.611607  
0.222315  0.2657074  
0.85162  0.7226833  
0.8599838  0.9326367  
0.8010172  0.4939747  
0.3088398  0.8990086  
0.8749136  0.3495829  
0.1674223  0.9349292  
0.497707  0.9023471  
0.2660656  0.5657163  
0.07749113  0.7545301  
0.0317443  0.6346947  
0.1962191  0.6331318  
0.2551815  0.564526  
0.6079354  0.7842886  
0.2775037  0.4559535  
0.03855161  0.3426635  
0.4119106  0.6897396  
0.3272975  0.3381542  
0.3247228  0.006783067  
0.3789722  0.7997762  
0.2825792  0.9117861  
0.186226  0.8892784  
0.3637584  0.9357246  
0.5290588  0.611319  
0.989779  0.06039416  
0.3401733  0.3187139  
0.4943924  0.7206814  
0.8180614  0.1540467  
0.3131951  0.4726693  
0.8754318  0.2602855  
0.5408857  0.7809939  
0.7246687  0.5203233  
0.1382843  0.468321  
0.1912972  0.9570889  
0.009608274  0.6878727  
0.0167397  0.3221094  
0.09456519  0.563541  
0.01569732  0.8486435  
0.06674834  0.8707688  
0.8623794  0.6722519  
0.08744321  0.5491644  
0.6476367  0.8456227  
0.3704733  0.515902  
0.7479812  0.8046387  
0.78504  0.790015  
0.6278765  0.2492145  
0.1595756  0.08491773  
0.7372348  0.7497359  
0.8335996  0.7109291  
0.09222336  0.347114  
0.6374817  0.4208712  
0.6090898  0.6724819  
0.9107705  0.7533598  
0.4044689  0.8160872  
0.9966704  0.6816298  
0.4405359  0.6303023  
0.1833792  0.8298433  
0.4252412  0.7733483  
0.5157765  0.6191902  
0.1605881  0.5877399  
0.1394151  0.9186148  
0.2517552  0.9982478  
0.6044804  0.5426425  
0.8746511  0.4734191  
0.2037383  0.1264936  
0.7286152  0.2778109  
0.04117253  0.6838622  
0.9832878  0.2945836  
0.1360013  0.9937637  
0.8597036  0.3096908  
0.4817054  0.3326489  
0.6631363  0.391079  
0.8982202  0.1964368  
0.2006474  0.9312215  
0.2945941  0.05509957  
0.03088531  0.6461693  
0.328334  0.9077861  
0.3700759  0.07347974  
0.9720939  0.8670356  
0.08691599  0.2489818  
0.231871  0.2691971  
0.08363418  0.4054115  
0.4438655  0.09956925  
0.1102833  0.3947502  
0.07443218  0.3037711  
0.1041719  0.3127571  
0.1795502  0.5100146  
0.1163802  0.9223545  
0.6807073  0.7001573  
0.7899086  0.9768259  
0.82676  0.4478132  
0.4430468  0.4152153  
0.9238908  0.7053228  
0.7921268  0.4239679  
0.539862  0.04848911  
0.4678193  0.1111488  
0.5315955  0.9491573  
0.7547698  0.9183381  
0.8630917  0.7765027  
0.1346678  0.7601882  
0.8784792  0.1771867  
0.324856  0.9006846  
0.3186355  0.6586887  
0.5369518  0.1329504  
0.6802692  0.8040361  
0.2891822  0.1825961  
0.4817478  0.1535935  
0.7291376  0.1506775  
0.529074  0.3834352  
0.7319109  0.03953041  
0.623047  0.7405861  
0.1193263  0.6875019  
0.559456  0.1474936  
0.8131165  0.8987658  
0.375238  0.5516554  
0.2382561  0.5874156  
0.3316667  0.7190332  
0.6777655  0.6239457  
0.6678942  0.6084925  
0.6568225  0.3872412  
0.5302806  0.5817377  
0.674484  0.7579018  
0.7181046  0.6798549  
0.1028882  0.1931231  
0.09370344  0.8119352  
0.272213  0.4381001  
0.6413674  0.1721436  
0.02600801  0.3960788  
0.05230705  0.034835  
0.2637587  0.6768847  
0.1646312  0.9664397  
0.2048367  0.5721831  
0.3803245  0.7285064  
0.9813662  0.3112453  
0.6615576  0.1688898  
0.9064835  0.2585972  
0.5596404  0.3773791  
0.4041375  0.6840589  
0.09940039  0.7520732  
0.009345566  0.5341417  
0.2484119  0.4880099  
0.7174289  0.6976056  
0.2359703  0.3833198  
0.03149965  0.5532279  
0.9370745  0.8071374  
0.6222485  0.40957  
0.6134204  0.3883527  
0.7928277  0.4928242  
0.1069348  0.4797806  
0.3727133  0.4400086  
0.7473045  0.590938  
0.8796672  0.906203  
0.3735745  0.0375445  
0.9768993  0.4498335  
0.8976792  0.8743692  
0.1481576  0.6833524  
0.6482058  0.3991336  
0.1439523  0.5368965  
0.7828461  0.9939623  
0.4149972  0.6579797  
0.7482704  0.5569219  
0.7945015  0.6605662  
0.138023  0.9744199  
0.7629846  0.4602524  
0.5452684  0.67684  
0.6480886  0.3000532  
0.4370511  0.5423059  
0.1372064  0.0155781  
0.7127105  0.8621636  
0.3160734  0.7674587  
0.8271456  0.8044087  
0.8593409  0.8965754  
0.4766351  0.6204966  
0.3930565  0.5760612  
0.05142124  0.6984229  
0.4515708  0.1674639  
0.9080362  0.03178858  
0.8471796  0.1945302  
0.7058968  0.1996194  
0.8517785  0.6536839  
0.8537213  0.0800377  
0.6333454  0.08837121  
0.9811022  0.2801715  
0.05382739  0.7871415  
0.9261104  0.4747076  
0.3965374  0.3980237  
0.834952  0.6784895  
0.3824018  0.6628037  
0.6624643  0.8918291  
0.5704733  0.2072158  
0.7473088  0.7806306  
0.6305047  0.1572436  
0.7375605  0.2224686  
0.5404952  0.2848685  
0.9307766  0.8663318  
0.7277928  0.2516355  
0.8403728  0.2152226  
0.1655867  0.3890001  
0.1301308  0.4992353  
0.4357945  0.6179738  
0.5753542  0.487775  
0.5109593  0.3661461  
0.2270944  0.8244661  
0.2963926  0.01214295  
0.9298693  0.2829713  
0.6551461  0.7269972  
0.6158875  0.07791246  
0.5609773  0.5032016  
0.3489767  0.7289338  
0.001664004  0.5035972  
0.7790024  0.01665384  
0.9938994  0.6072355  
0.4000724  0.423492  
0.7662878  0.1864991  
0.561712  0.7187337  
0.6018411  0.5597595  
0.1563074  0.3722263  
0.4556326  0.4741211  
0.5106082  0.01309504  
0.5732769  0.5157929  
0.8539176  0.1883323  
0.2811056  0.8349958  
0.2883947  0.3275629  
0.9733654  0.212923  
0.7611602  0.1941534  
0.9394479  0.2374913  
0.2645846  0.835312  
0.2630665  0.4685121  
0.1877398  0.2677743  
0.886667  0.9052517  
0.4132996  0.5305262  
0.1715189  0.5947411  
0.5729041  0.840796  
0.7381592  0.1275388  
0.1646017  0.6497728  
0.451056  0.6905324  
0.2080652  0.6897095  
0.6672034  0.8897953  
0.9776945  0.02345508  
0.3441347  0.7872654  
0.9426309  0.3654526  
0.9434484  0.1841398  
0.9241544  0.4734404  
0.3202946  0.3831533  
0.5122011  0.5174103  
0.3378729  0.6015359  
0.7359768  0.8174994  
0.1167017  0.4524046  
0.5622354  0.4092569  
0.3504279  0.01751494  
0.1396132  0.8791671  
0.6230235  0.2313566  
0.3696678  0.3945254  
0.7915505  0.2300661  
0.2560778  0.246414  
0.2356459  0.817558  
0.222906  0.9881189  
0.477086  0.8915247  
0.5528714  0.9121875  
0.8265371  0.533351  
0.7501635  0.5649458  
0.8885068  0.637265  
0.01159949  0.7718034  
0.7766599  0.3186968  
0.3403701  0.4315411  
0.5317361  0.4423864  
0.1559324  0.05586208  
0.2275328  0.7687905  
0.5393123  0.8750889  
0.4716781  0.1998814  
0.7899768  0.1945423  
0.4834316  0.2952665  
0.4442078  0.6902625  
0.1064209  0.07465596  
0.7756416  0.1329396  
0.03350418  0.1551604  
0.2072372  0.7147664  
0.4404981  0.4152536  
0.1948663  0.3231864  
0.8796608  0.9730821  
0.6172466  0.9129363  
0.4731468  0.6713555  
0.5708336  0.1046866  
0.9189216  0.5070486  
0.6154082  0.008228242  
0.5273412  0.4783772  
0.9648256  0.9136255  
0.5346822  0.377446  
0.4085433  0.3226197  
0.1004715  0.6526518  
0.9192504  0.9605946  
0.8757315  0.2477853  
0.216058  0.4187123  
0.9354013  0.5660799  
0.5050825  0.7105443  
0.1748037  0.6541339  
0.8900137  0.3489313  
0.9094501  0.4546229  
0.2592491  0.5610586  
0.7448892  0.9133861  
0.06552046  0.8486061  
0.7972441  0.2072394  
0.1805384  0.4581316  
0.3894001  0.03942021  
0.1679854  0.5802573  
0.2350102  0.7603633  
0.8987297  0.674183  
0.1921958  0.6808987  
0.1926265  0.6989088  
0.2044167  0.8374463  
0.966496  0.7233422  
0.2642835  0.08616866  
0.8564298  0.2611752  
0.2841382  0.4764163  
0.08625737  0.8709115  
0.4430017  0.3812598  
0.05514517  0.5285356  
0.3055437  0.5641764  
0.265121  0.2399528  
0.861377  0.7979753  
0.2571853  0.7067242  
0.07827259  0.6687319  
0.4575206  0.6176775  
0.6875375  0.08815112  
0.4078717  0.07248914  
0.6211512  0.4828566  
0.976695  0.7176129  
0.4609665  0.8052736  
0.07748645  0.3579823  
0.2225792  0.6856927  
0.1259032  0.2362112  
0.6192323  0.5387035  
0.4257797  0.04611323  
0.4437873  0.9965218  
0.7565202  0.452334  
0.5166811  0.9373689  
0.08518728  0.6058135  
0.410396  0.09250938  
0.7091069  0.629425  
0.8508181  0.7817394  
0.2321208  0.7397519  
0.1439161  0.9436593  
0.7077553  0.7474291  
0.474277  0.7663516  
0.1426653  0.4780413  
0.4203026  0.07221124  
0.9414634  0.1718307  
0.7976941  0.3204666  
0.02906293  0.5668245  
0.6505533  0.7411413  
0.5213869  0.7744181  
0.1263446  0.1812  
0.2615256  0.13208  
0.004933301  0.4399297  
0.7135469  0.4485163  
0.8115323  0.8043536  
0.3656749  0.2634669  
0.5443218  0.09566555  
0.01197855  0.1317411  
0.7924212  0.7476829  
0.9305035  0.4443319  
0.2698837  0.2694595  
0.8228382  0.6764163  
0.1316186  0.5794224  
0.391818  0.3522794  
0.5536748  0.887909  
0.7782037  0.8533089  
0.272862  0.3014489  
0.03571392  0.3913011  
0.2727052  0.2056631  
0.9262688  0.123879  
0.08923278  0.5457268  
0.5435805  0.4059831  
0.3651229  0.1533809  
0.6945311  0.209967  
0.01428863  0.7469383  
0.1413204  0.3439159  
0.7953626  0.9958294  
0.2373892  0.6463794  
0.2081566  0.053694  
0.3925887  0.397549  
0.7415464  0.07580315  
0.0129896  0.188632  
0.9590296  0.6428824  
0.07073782  0.871024  
0.3943172  0.1203294  
0.2769688  0.4160906  
0.8960732  0.02343691  
0.7894056  0.7679433  
0.2952987  0.9782337  
0.5671307  0.7925507  
0.6474447  0.9302877  
0.389074  0.2202845  
0.02880011  0.01317869  
0.8328692  0.09171709  
0.3757302  0.6693651  
0.6646305  0.2570258  
0.42361  0.8664404  
0.7302759  0.4762174  
0.04297551  0.7978725  
0.3447915  0.5605632  
0.5023954  0.5621186  
0.1659156  0.8561046  
0.4946454  0.2827183  
0.4390618  0.6041113  
0.3556166  0.5510135  
0.2129761  0.5926211  
0.6635218  0.09858125  
0.2720217  0.2909661  
0.7331981  0.3329955  
0.6833466  0.2668649  
0.764405  0.3242178  
0.3761979  0.8393283  
0.243116  0.7655634  
0.04824942  0.5181809  
0.7231368  0.5159188  
0.752365  0.4910719  
0.4440086  0.6906636  
0.4953619  0.2424557  
0.4668236  0.657431  
0.3785472  0.5237763  
0.4691789  0.7615166  
0.4667763  0.9131599  
0.860299  0.8358059  
0.9342771  0.8823542  
0.4503674  0.7864142  
0.1513549  0.5274017  
0.4087534  0.03121758  
0.5384674  0.9909494  
0.3022519  0.5538727  
0.5132549  0.4877434  
0.5630125  0.1042551  
0.6953809  0.6038514  
0.8389572  0.3439781  
0.8597267  0.266716  
0.7048371  0.305354  
0.2517981  0.5683923  
0.2113719  0.2641744  
0.08066504  0.7821105  
0.6685078  0.4773222  
0.6361084  0.2408857  
0.3601058  0.8824806  
0.7385859  0.6362714  
0.2774705  0.9891501  
0.6574076  0.9431386  
0.5393833  0.2848952  
0.08173016  0.6997691  
0.1206125  0.9541385  
0.9559015  0.07695907  
0.3282128  0.5357402  
0.6644539  0.575948  
0.9019329  0.08508976  
0.05030032  0.08830411  
0.940997  0.3958431  
0.419493  0.7751429  
0.9965576  0.5704959  
0.4742594  0.4688433  
0.5906707  0.6936848  
0.2300949  0.03232286  
0.441821  0.6400382  
0.1537827  0.2910078  
0.8172304  0.1881957  
0.5763035  0.3319298  
0.8602349  0.06104961  
0.7241275  0.5564  
0.571122  0.3707606  
0.6786587  0.2842792  
0.4048931  0.5792354  
0.6789736  0.9474523  
0.2384224  0.972418  
0.1284536  0.7834503  
0.8186946  0.9373967  
0.3321039  0.8634177  
0.9147166  0.2431971  
0.4403378  0.9154632  
0.2980413  0.0088506  
0.4040513  0.4106942  
0.8553283  0.5573142  
0.1648669  0.5985534  
0.4333469  0.4103643  
0.4354391  0.3003783  
0.09174709  0.5519265  
0.9244696  0.6043324  
0.3626552  0.6359336  
0.5842707  0.6186194  
0.8385584  0.8796087  
0.3999919  0.1354567  
0.638009  0.5148783  
0.301049  0.3271759  
0.6555327  0.9762746  
0.7678144  0.7416436  
0.5145517  0.2923768  
0.5820085  0.3832058  
0.8385904  0.2189117  
0.7376414  0.1618743  
0.7516531  0.95235  
0.3123991  0.860084  
0.08918388  0.1460153  
0.5672354  0.3357361  
0.256474  0.2335133  
0.574626  0.0480992  
0.928853  0.2830373  
0.6203895  0.9156541  
0.08491378  0.3997515  
0.6040028  0.8395181  
0.0307372  0.3557842  
0.8649944  0.3061932  
0.9889903  0.716579  
0.5800256  0.9213256  
0.4876476  0.5647935  
0.7600646  0.09386646  
0.2078303  0.7365522  
0.06957444  0.8879913  
0.2281717  0.3672875  
0.8059842  0.8859467  
0.00126883  0.256727  
0.1638239  0.7168912  
0.3532372  0.5011033  
0.07133242  0.4899883  
0.0160061  0.5508261  
0.7337488  0.2694677  
0.3821604  0.2040063  
0.4824405  0.2601533  
0.9578692  0.4236675  
0.4295537  0.8381724  
0.1388873  0.05730625  
0.6920575  0.1567949  
0.464211  0.7760223  
0.4550488  0.0132664  
0.02637757  0.4440265  
0.524458  0.1841  
0.5442761  0.90289  
0.1765696  0.6861945  
0.9655613  0.3082917  
0.8861384  0.4302651  
0.6201575  0.07255766  
0.4515494  0.005491422  
0.3738033  0.8897977  
0.5462522  0.1037845  
0.3955813  0.3334961  
0.6950717  0.5138068  
0.9831571  0.354205  
0.889792  0.658424  
0.2757549  0.3214526  
0.2152583  0.5963389  
0.1025302  0.05732748  
0.1146098  0.7786785  
0.1583404  0.6202929  
0.8921353  0.5490619  
0.1644952  0.9707088  
0.896625  0.1089644  
0.9756208  0.881719  
0.7543992  0.5958428  
0.8582693  0.3808794  
0.8752982  0.05934744  
0.9122214  0.1633008  
0.5074401  0.7202999  
0.8392012  0.4460934  
0.8808706  0.9059031  
0.4273702  0.6164812  
0.9017439  0.309253  
0.3157741  0.5037568  
0.82655  0.1937066  
0.1134016  0.2413949  
0.7458802  0.4683634  
0.8031666  0.5464311  
0.2705789  0.241346  
0.829846  0.543759  
0.9134373  0.5765529  
0.4782943  0.474985  
0.8860037  0.8801116  
0.1424352  0.949568  
0.07565945  0.2257601  
0.5221439  0.640488  
0.1216129  0.3668101  
0.004644567  0.7377797  
0.3673794  0.6067295  
0.2915197  0.04488407  
0.3157793  0.6347992  
0.540435  0.7021302  
0.9177688  0.8646307  
0.4561951  0.1006314  
0.5763626  0.9625894  
0.4117064  0.17474  
0.4072614  0.8825234  
0.2842293  0.8830314  
0.0618777  0.1074744  
0.7422935  0.1902554  
0.3846474  0.1505484  
0.7155347  0.7000365  
0.1681387  0.445006  
0.1332041  0.7475103  
0.1306916  0.2188008  
0.8441499  0.4436441  
0.544647  0.1495021  
0.2309486  0.5474793  
0.3729973  0.4436622  
0.4267447  0.7183806  
0.226361  0.9116347  
0.3343645  0.3914988  
0.03444712  0.5351781  
0.09703818  0.7871527  
0.07269948  0.4294771  
0.9682788  0.01866395  
0.09299509  0.4995033  
0.4962226  0.8666052  
0.8553124  0.5371834  
0.8267458  0.7106887  
0.2404607  0.7370154  
0.9154728  0.1508709  
0.9098638  0.8311263  
0.9519465  0.1588824  
0.7018715  0.1051579  
0.8036528  0.8536764  
0.119317  0.3487646  
0.6407957  0.6462421  
0.5572858  0.8368413  
0.3524938  0.526271  
0.6918467  0.4076447  
0.9484268  0.3167816  
0.8585552  0.7951926  
0.488064  0.7404625  
0.9386551  0.3834754  
0.696139  0.4992936  
0.929437  0.4764756  
0.8846644  0.820321  
0.9400056  0.4639841  
0.403361  0.5467167  
0.4939099  0.7122422  
0.08957697  0.1825443  
0.8430815  0.3524429  
0.5602553  0.1376316  
0.7865484  0.4007907  
0.336802  0.1643773  
0.534664  0.002250649  
0.5920611  0.8699092  
0.1420815  0.8860451  
0.2755015  0.3494508  
0.5890776  0.9052619  
0.02896289  0.335136  
0.5829654  0.9604023  
0.4195701  0.2908445  
0.2584179  0.8377422  
0.07869536  0.4559873  
0.8424945  0.5494116  
0.679914  0.00681129  
0.8777256  0.09787904  
0.4963613  0.4792322  
0.04932968  0.03006298  
0.4017378  0.5210217  
0.3106542  0.6585252  
0.1886619  0.06212216  
0.694851  0.2850697  
0.2983337  0.5046022  
0.01649105  0.8683114  
0.5928723  0.4373785  
0.6311614  0.3651472  
0.9840336  0.4077964  
0.5046766  0.4309278  
0.07951304  0.7483833  
0.9079395  0.7039641  
0.3924732  0.3549765  
0.5069644  0.175652  
0.321863  0.3170324  
0.1342416  0.03607296  
0.2375239  0.4547174  
0.3803289  0.7770807  
0.7243777  0.6613467  
0.7262618  0.2208518  
0.08126137  0.6643854  
0.6510591  0.1183156  
