Length of the list   = 568
9893 7570 
9892 7682 
9891 7715 
9889 7728 
9888 7756 
9887 7803 
9886 7854 
9883 7911 
9880 7922 
9879 7993 
9873 8002 
9871 8021 
9869 8024 
9868 8027 
9866 8040 
9865 8064 
9864 8070 
9861 8084 
9857 8090 
9855 8111 
9851 8137 
9846 8146 
9845 8150 
9844 8156 
9842 8168 
9840 8175 
9838 8184 
9836 8206 
9833 8207 
9831 8219 
9830 8221 
9829 8226 
9827 8234 
9825 8240 
9824 8253 
9823 8255 
9821 8263 
9818 8265 
9817 8274 
9816 8280 
9815 8283 
9814 8287 
9813 8290 
9812 8301 
9809 8324 
9805 8329 
9804 8337 
9802 8344 
9800 8348 
9799 8358 
9797 8359 
9794 8364 
9793 8367 
9792 8371 
9791 8374 
9790 8381 
9789 8387 
9788 8390 
9787 8395 
9786 8399 
9785 8404 
9783 8418 
9779 8428 
9777 8430 
9775 8445 
9771 8446 
9770 8447 
9769 8453 
9768 8459 
9767 8462 
9766 8483 
9762 8486 
9760 8487 
9759 8491 
9756 8498 
9755 8504 
9754 8526 
9749 8527 
9747 8529 
9746 8530 
9745 8552 
9738 8553 
9737 8554 
9736 8566 
9735 8578 
9733 8586 
9732 8593 
9727 8595 
9726 8596 
9725 8603 
9722 8613 
9719 8615 
9717 8620 
9716 8621 
9715 8628 
9712 8631 
9710 8640 
9708 8649 
9707 8661 
9700 8669 
9697 8679 
9693 8681 
9692 8691 
9690 8694 
9686 8704 
9685 8706 
9682 8709 
9680 8715 
9679 8733 
9673 8735 
9670 8743 
9669 8746 
9668 8747 
9663 8748 
9662 8764 
9659 8769 
9655 8772 
9653 8775 
9652 8776 
9651 8781 
9650 8789 
9648 8791 
9645 8792 
9642 8800 
9639 8803 
9636 8811 
9633 8815 
9632 8824 
9628 8837 
9621 8842 
9619 8846 
9617 8847 
9616 8851 
9615 8856 
9611 8860 
9609 8864 
9607 8874 
9603 8876 
9601 8883 
9598 8885 
9597 8892 
9594 8895 
9590 8896 
9589 8900 
9588 8903 
9587 8906 
9585 8913 
9584 8914 
9581 8916 
9580 8918 
9578 8921 
9576 8932 
9574 8936 
9569 8942 
9567 8943 
9565 8944 
9560 8956 
9557 8961 
9552 8963 
9551 8973 
9550 8974 
9546 8984 
9538 8985 
9536 8997 
9529 8998 
9528 9003 
9526 9006 
9524 9010 
9523 9011 
9521 9013 
9520 9017 
9519 9019 
9517 9025 
9513 9033 
9512 9037 
9505 9038 
9503 9039 
9501 9041 
9500 9048 
9496 9053 
9492 9054 
9491 9057 
9487 9067 
9482 9072 
9480 9073 
9478 9074 
9477 9075 
9475 9081 
9473 9084 
9472 9093 
9465 9094 
9463 9103 
9456 9111 
9453 9116 
9446 9121 
9444 9122 
9443 9127 
9439 9130 
9437 9132 
9435 9134 
9434 9137 
9433 9141 
9428 9148 
9423 9154 
9419 9155 
9418 9156 
9417 9159 
9414 9163 
9413 9166 
9411 9171 
9406 9173 
9404 9181 
9397 9184 
9394 9188 
9393 9191 
9388 9194 
9386 9195 
9385 9197 
9384 9201 
9382 9203 
9378 9205 
9377 9206 
9375 9210 
9374 9213 
9373 9214 
9372 9220 
9370 9221 
9367 9222 
9365 9228 
9362 9231 
9356 9237 
9354 9239 
9351 9241 
9348 9246 
9346 9247 
9343 9249 
9342 9251 
9340 9252 
9339 9254 
9337 9258 
9335 9259 
9334 9261 
9332 9263 
9330 9276 
9322 9281 
9315 9283 
9314 9286 
9311 9292 
9303 9297 
9302 9303 
9297 9307 
9292 9312 
9289 9319 
9285 9320 
9283 9322 
9282 9325 
9276 9328 
9272 9330 
9271 9338 
9267 9339 
9266 9341 
9262 9344 
9258 9347 
9257 9352 
9256 9355 
9255 9356 
9248 9360 
9244 9361 
9242 9366 
9241 9369 
9238 9374 
9232 9380 
9229 9386 
9222 9388 
9220 9389 
9218 9390 
9216 9391 
9214 9398 
9205 9409 
9198 9410 
9196 9416 
9190 9417 
9188 9419 
9185 9424 
9184 9430 
9179 9431 
9177 9432 
9174 9433 
9173 9434 
9170 9436 
9169 9437 
9168 9445 
9165 9446 
9163 9448 
9159 9449 
9158 9453 
9154 9454 
9151 9456 
9148 9462 
9142 9463 
9141 9468 
9140 9477 
9129 9478 
9125 9480 
9124 9485 
9122 9486 
9119 9487 
9118 9489 
9116 9496 
9111 9500 
9105 9502 
9100 9510 
9091 9514 
9087 9519 
9082 9521 
9081 9528 
9075 9530 
9067 9533 
9064 9540 
9059 9542 
9058 9543 
9054 9545 
9049 9552 
9041 9555 
9039 9556 
9038 9558 
9037 9560 
9033 9562 
9030 9564 
9026 9567 
9025 9568 
9021 9569 
9020 9570 
9018 9572 
9015 9576 
9011 9578 
9007 9580 
9005 9586 
9000 9589 
8997 9595 
8988 9597 
8986 9599 
8983 9600 
8978 9603 
8976 9605 
8975 9607 
8973 9608 
8971 9612 
8968 9618 
8952 9619 
8951 9621 
8950 9623 
8949 9624 
8948 9628 
8942 9629 
8941 9630 
8940 9635 
8931 9636 
8930 9639 
8928 9640 
8927 9642 
8925 9647 
8918 9649 
8916 9650 
8912 9653 
8908 9654 
8907 9655 
8906 9663 
8898 9665 
8892 9667 
8888 9670 
8885 9672 
8884 9673 
8879 9675 
8878 9678 
8875 9680 
8870 9685 
8861 9686 
8860 9688 
8858 9693 
8849 9695 
8842 9698 
8840 9699 
8839 9702 
8836 9703 
8832 9706 
8827 9710 
8824 9711 
8823 9713 
8820 9716 
8813 9717 
8809 9719 
8807 9727 
8798 9728 
8792 9729 
8791 9733 
8782 9734 
8781 9736 
8780 9742 
8776 9744 
8769 9748 
8762 9752 
8753 9753 
8749 9755 
8747 9756 
8745 9761 
8742 9763 
8738 9765 
8730 9766 
8726 9770 
8723 9771 
8721 9774 
8719 9775 
8717 9776 
8710 9777 
8709 9778 
8704 9783 
8698 9784 
8697 9785 
8694 9789 
8688 9791 
8683 9792 
8681 9796 
8671 9800 
8670 9804 
8661 9806 
8655 9808 
8651 9812 
8638 9813 
8637 9815 
8635 9816 
8629 9819 
8625 9820 
8624 9821 
8619 9823 
8618 9825 
8616 9827 
8609 9831 
8603 9832 
8596 9833 
8594 9838 
8586 9842 
8581 9844 
8573 9846 
8566 9847 
8563 9848 
8562 9849 
8560 9851 
8558 9853 
8554 9854 
8551 9855 
8548 9856 
8542 9861 
8539 9862 
8526 9864 
8525 9865 
8522 9870 
8521 9876 
8501 9883 
8490 9884 
8479 9887 
8469 9888 
8468 9889 
8465 9893 
8460 9897 
8453 9898 
8444 9902 
8433 9903 
8429 9904 
8427 9907 
8421 9909 
8419 9911 
8411 9912 
8406 9919 
8389 9920 
8387 9921 
8384 9924 
8377 9925 
8375 9926 
8368 9927 
8367 9930 
8359 9931 
8352 9936 
8347 9940 
8336 9941 
8331 9943 
8318 9944 
8312 9945 
8307 9948 
8306 9950 
8295 9955 
8285 9957 
8276 9958 
8267 9960 
8259 9962 
8253 9963 
8250 9966 
8241 9968 
8225 9970 
8224 9972 
8223 9974 
8214 9975 
8207 9977 
8196 9978 
8195 9983 
8175 9984 
8173 9986 
8164 9988 
8159 9989 
8154 9994 
8132 9997 
8119 9999 
8107 10000 
8105 10001 
8101 10002 
8097 10003 
8094 10004 
8082 10006 
8081 10007 
8077 10008 
8076 10010 
8062 10013 
8053 10016 
8041 10017 
8022 10018 
8021 10019 
8016 10022 
8007 10024 
7997 10025 
7993 10026 
7986 10028 
7980 10031 
7967 10034 
7940 10037 
7926 10040 
7915 10043 
7906 10044 
7885 10045 
7876 10047 
7874 10048 
7871 10049 
7869 10050 
7858 10052 
7857 10054 
7832 10055 
7824 10056 
7815 10057 
7814 10058 
7797 10059 
7792 10066 
7764 10068 
7727 10073 
7691 10075 
7675 10076 
7664 10077 
7646 10079 
7632 10081 
7619 10083 
7616 10084 
7595 10086 
7568 10088 
7558 10090 
7554 10093 
7494 10094 
7437 10095 
7431 10096 
7428 10102 
7283 10103 
